2.000000000000000111e-01 0.000000000000000000e+00 2.399999999999999911e-01 0.000000000000000000e+00 0.000000000000000000e+00 0.000000000000000000e+00 1.000000000000000000e+00 0.000000000000000000e+00 8.000000000000000444e-01 -1.600000000000000089e+00 0.000000000000000000e+00 8.000000000000000444e-01 -1.600000000000000089e+00 0.000000000000000000e+00 -8.000000000000000444e-01 1.600000000000000089e+00 0.000000000000000000e+00 -8.000000000000000444e-01 1.600000000000000089e+00
1.968241565668370496e-01 -2.214168215832114999e-05 2.381257130837832747e-01 3.210431857295662438e-04 1.223758829376286536e-02 -4.192017438428300639e-05 9.999250654957722029e-01 -3.119341174376256899e-04 7.998248429377713409e-01 -1.680103052985093548e+00 -5.954127328653618456e-04 8.003151378535973137e-01 -1.681245059033015687e+00 -3.676084183048740372e-04 -8.369452598763493789e-01 1.597191185436601879e+00 -8.559499360621196894e-04 -8.374867210922365413e-01 1.598134376502810206e+00
1.909222293439172269e-01 -5.437271853398759948e-05 2.360464022781280924e-01 4.276074432584721233e-04 3.271837970801200202e-02 -9.266846049189388535e-05 9.994645147246165040e-01 -2.646143693666377374e-04 7.679476097731554596e-01 -1.761101363942559672e+00 -5.349956755360339277e-04 7.685315156095470224e-01 -1.762784107080385798e+00 -6.533718280872952708e-04 -8.757606705530360802e-01 1.545301851242468771e+00 -8.567980358079469718e-04 -8.766468408396691503e-01 1.546642407088930415e+00
1.824822289639902173e-01 -9.014157550019395769e-05 2.345012701319509896e-01 4.160382673974861827e-04 5.633778633685038867e-02 -1.476708812780527314e-04 9.984116680689054668e-01 2.641183640560841963e-04 7.095999098697628460e-01 -1.839743999214564996e+00 -3.258705807917720116e-04 7.100198840376881204e-01 -1.841626431812815934e+00 -5.602727845879006217e-04 -9.173737135333545067e-01 1.472448329166715197e+00 -7.257915827444938722e-04 -9.184620891037904578e-01 1.473857711293316664e+00
1.715441548710674446e-01 -1.254157774701996882e-04 2.344908334334428746e-01 3.959254231344455470e-04 7.720575977940249968e-02 -2.026424537993378719e-04 9.970150815489103868e-01 8.543561469054759740e-04 6.245491459962455583e-01 -1.888920719059042019e+00 -4.053498480728769506e-05 6.246614285849386716e-01 -1.890919540066919424e+00 -4.661075834537438162e-04 -9.548446450163898813e-01 1.388471781705296948e+00 -5.413641943826569053e-04 -9.561239304648597725e-01 1.389918001331127417e+00
1.581352439766301188e-01 -1.565781956495478230e-04 2.370278383944097456e-01 4.554591510420687899e-04 8.790047931529677838e-02 -2.484747156018911047e-04 9.961291264456724193e-01 1.229031333589253230e-03 5.232579431774176948e-01 -1.878019351691339711e+00 1.496040129922733401e-05 5.230712842590223843e-01 -1.880227730182592261e+00 -5.747609315989399238e-04 -9.827046514353111606e-01 1.307382084325366733e+00 -4.496308972581430181e-04 -9.843179340759371510e-01 1.309138761795420214e+00
1.424255595036430233e-01 -1.796367662013222230e-04 2.432302634859834223e-01 6.617727843843342105e-04 7.806544295243635079e-02 -2.609482347562955078e-04 9.969479828854865833e-01 1.101387174498411493e-03 4.280785782853941956e-01 -1.767776307668106783e+00 -4.773313908787902736e-04 4.279623345572458604e-01 -1.770600897352649250e+00 -1.018515132028899534e-03 -9.969447462202186694e-01 1.253771877484125330e+00 -5.780980106807641957e-04 -9.990856280213964435e-01 1.256244165707715243e+00
1.248616572508176592e-01 -2.086100925817468716e-04 2.544831338637275620e-01 8.075739930119609769e-04 3.285699132583223825e-02 -1.759500402514924545e-04 9.994597215430160997e-01 4.999315538525777409e-04 3.565444425406460449e-01 -1.504921563213545976e+00 6.897157448548424429e-04 3.592182039366435542e-01 -1.511168527442715348e+00 -9.291606342469373604e-04 -9.917515999644773705e-01 1.265559555206868581e+00 -3.395276513361018648e-04 -9.931805336897439052e-01 1.267006970147295686e+00
1.037983223252749027e-01 -6.082497511905365830e-04 2.701732526690607816e-01 -5.894658724709523831e-03 -4.567695960314777787e-02 -1.396351399198149249e-05 9.989388710851890840e-01 7.841366270028542196e-02 1.175600541510023744e-01 -1.473237908849519329e+00 -1.390701836815744913e-02 1.848304836167797283e-01 -1.493272338807972055e+00 1.502078753563077310e-02 -9.696592868782669683e-01 1.340041217896794645e+00 1.434039798498096263e-02 -9.586863782779139198e-01 1.323137585318155063e+00
8.541753008527253055e-02 -9.643076945638138749e-04 2.794096398690305572e-01 -1.588366054460074034e-02 -8.517794532847738909e-02 -2.456166260939716107e-05 9.962391411473690006e-01 1.468154204800010132e-01 -1.624078242721397614e-01 -1.429453978835259376e+00 -4.672648664817891442e-03 -8.877917155650005832e-03 -1.469705223670690897e+00 3.749665863395912346e-02 -9.642356037418150505e-01 1.343533949122874827e+00 3.661825679170499503e-02 -9.325853984982035438e-01 1.297164656488101420e+00
7.089711815544139095e-02 -1.180941659232273826e-03 2.839578986516391179e-01 -2.820003844248082300e-02 -9.809240503524381538e-02 -2.833914056919993404e-05 9.947776822502288896e-01 2.091642789907605382e-01 -4.684770709360114305e-01 -1.368036524726470748e+00 2.419688722823738758e-02 -2.158662368356801808e-01 -1.435143554183603287e+00 6.434128262358715378e-02 -9.695986689034349348e-01 1.302175690149029341e+00 6.277932742607814087e-02 -9.100909464423494466e-01 1.216198849720083297e+00
6.092500117750695304e-02 -1.175999792580144365e-03 2.851004166491111769e-01 -4.193721873614200679e-02 -9.362654252347969719e-02 3.586596392112031701e-04 9.947236860470546338e-01 2.723129448301553346e-01 -7.917041351040520203e-01 -1.291576171780802307e+00 6.735120284455434203e-02 -4.312962220181784101e-01 -1.391417569349896244e+00 9.317525137427574988e-02 -9.828517629956078361e-01 1.243220564792197891e+00 9.040518549443407603e-02 -8.895502668836350324e-01 1.109254939434190401e+00
5.587868962961462654e-02 -8.734068562045841939e-04 2.838818607459670518e-01 -5.562317001474997857e-02 -7.867339295514437503e-02 1.560466080853045549e-03 9.953462338021107358e-01 3.386754765480325391e-01 -1.118237644530139629e+00 -1.208180900157319826e+00 1.195511214591164356e-01 -6.427520222450882059e-01 -1.342889870032375477e+00 1.197123735617895979e-01 -1.001032663048176286e+00 1.189625885422570750e+00 1.156858283726713982e-01 -8.769180084878016590e-01 1.014079556057094766e+00
5.698013229871470853e-02 -1.011917674487767269e-03 2.855566880453451750e-01 -4.743897703990893749e-02 -9.292748230899680606e-02 5.030226688442988436e-04 9.945419918019111627e-01 2.936330698961649999e-01 -8.917599008458078069e-01 -1.280920964367362469e+00 1.032381974518480350e-01 -4.926090891660400706e-01 -1.389781836198467291e+00 1.040559738750792274e-01 -9.876916198925440593e-01 1.222945228562239306e+00 1.007335695473283305e-01 -8.799407999879843567e-01 1.068245576215766546e+00
6.272359515426330356e-02 -1.045500503699496597e-03 2.853661587646551534e-01 -3.840356852590305625e-02 -9.957328219380669199e-02 -2.686448696886490706e-04 9.942888188185375897e-01 2.486109697523080642e-01 -6.541979295872684119e-01 -1.358303828981547667e+00 8.696691002068182574e-02 -3.354350413569723299e-01 -1.439138653525297018e+00 8.503171533083120348e-02 -9.787857516018378945e-01 1.269413080347429501e+00 8.263265842480319034e-02 -8.943804159408217380e-01 1.146652015153851067e+00
7.308088173278315391e-02 -9.797099003399170353e-04 2.828258619507122984e-01 -2.939314726016659107e-02 -9.507764375354524344e-02 -8.114199450877325383e-04 9.950354898947518789e-01 2.021918546835686781e-01 -4.135605624947358283e-01 -1.434096976823860059e+00 7.112277858911458805e-02 -1.770283758937739038e-01 -1.487623603889933754e+00 6.539725872152217512e-02 -9.747364745721498469e-01 1.314866487656287664e+00 6.373547281089055050e-02 -9.126470946016116415e-01 1.221999591578001532e+00
8.809703366557479487e-02 -8.072486097948708417e-04 2.773710079793541006e-01 -2.080141294209809227e-02 -7.363870443977792168e-02 -1.276408850149764532e-03 9.970672059638159279e-01 1.512423644093534858e-01 -1.655605781841149315e-01 -1.506426504693046509e+00 5.603514062995918615e-02 -1.291640665980692271e-02 -1.533902131863703833e+00 4.590658729689803264e-02 -9.740262932297831799e-01 1.339518412829558081e+00 4.465347638054155410e-02 -9.315201717417828098e-01 1.271722943451857324e+00
1.079187164153352640e-01 -5.070432595538158218e-04 2.681307446592328114e-01 -1.345345701819470295e-02 -2.577828989399345502e-02 -1.753711989012758437e-03 9.995756143277307881e-01 9.258729599911967589e-02 9.603312883192330340e-02 -1.573280107866999344e+00 4.157606738548338954e-02 1.644751513194196713e-01 -1.576361970460718798e+00 2.836252533159215258e-02 -9.743467437508409601e-01 1.313303488626934579e+00 2.722461786934564365e-02 -9.469015161711283879e-01 1.263698280889883119e+00
1.326485392286611553e-01 -7.418515346522993985e-05 2.534906327607818755e-01 -8.848538806229029260e-03 6.230907235284299100e-02 -1.936178981547860122e-03 9.980157985094596507e-01 2.587939049301678229e-02 3.744373645341295687e-01 -1.637392066718173167e+00 2.641993245823281294e-02 3.636493558765685474e-01 -1.618495164890988436e+00 1.567588648808533602e-02 -9.767079724981827527e-01 1.204217061960228596e+00 1.626403086033581524e-02 -9.568361756050967060e-01 1.163347158210189525e+00
1.512615512966713205e-01 -5.471499880857258447e-05 2.432574263249535906e-01 -8.903149656777260140e-03 1.104553869587652087e-01 -1.838226855493223016e-03 9.938395053226684039e-01 2.817670868298528808e-02 4.367892698921841399e-01 -1.887430272372599305e+00 2.637540755653578969e-02 4.245831971366343938e-01 -1.868811530976799196e+00 1.511334352251065410e-02 -9.669873631454780627e-01 1.164957416751963182e+00 1.569644301532270581e-02 -9.474427765902130316e-01 1.123535435144697336e+00
1.669559399087716667e-01 -3.520400195963415958e-05 2.368582337127858595e-01 -8.576174710237393847e-03 1.233126800932754924e-01 -1.903658099061760227e-03 9.923289818610534496e-01 2.783331504723058486e-02 5.290565067451542536e-01 -1.999490440408260739e+00 2.635269002232990682e-02 5.161573857258472398e-01 -1.982749500526296504e+00 1.412870533886143032e-02 -9.497804500398658867e-01 1.202932112055552061e+00 1.435518671639802145e-02 -9.320072477737533223e-01 1.163269746864405096e+00
1.801295484186037354e-01 3.146634806469753378e-06 2.335190294253780552e-01 -7.815175304026106967e-03 1.156380971835329202e-01 -2.052021493767999805e-03 9.932585477721942446e-01 2.510092545399032066e-02 6.345269238105030185e-01 -2.021652153581828149e+00 2.402151808817479250e-02 6.208958326038472864e-01 -2.006621499538688624e+00 1.217236112438424209e-02 -9.254221676370876226e-01 1.277165442693472208e+00 1.215114495680019897e-02 -9.108528249546022915e-01 1.241742260451744961e+00
1.909053751472351013e-01 5.022436944738406127e-05 2.325605365973315020e-01 -6.823721449140509980e-03 9.765730154797712392e-02 -2.213993242023794706e-03 9.951942456193545450e-01 2.140294356953343496e-02 7.282088637792972774e-01 -1.987741325691203764e+00 2.070992453059497876e-02 7.144389241282594893e-01 -1.974594555949057861e+00 9.704219635560487958e-03 -8.939533527639925703e-01 1.358084813033612726e+00 9.580046066124307466e-03 -8.830000075865436227e-01 1.327708985977900102e+00
1.992815592737438857e-01 9.690176809231581048e-05 2.332332946229655202e-01 -5.794976879174542489e-03 7.664803747349900609e-02 -2.350882749510539022e-03 9.970386000274658045e-01 1.780006381292972492e-02 7.959986365088396187e-01 -1.924908799569123419e+00 1.748400743768658422e-02 7.827449903467932346e-01 -1.913803915950121892e+00 7.175580035965025208e-03 -8.587464258287496044e-01 1.428718756476887508e+00 7.037844340192226517e-03 -8.510909338039478467e-01 1.403041539485847311e+00
2.051579401155991800e-01 1.364501858140274504e-04 2.346521547682972053e-01 -4.910607824759574865e-03 5.817369793406235168e-02 -2.445918528945720174e-03 9.982914024882802995e-01 1.490421161687183887e-02 8.365735012510793212e-01 -1.858895029494590290e+00 1.493819882292546884e-02 8.241470295134291080e-01 -1.849667656734231169e+00 5.005755517087972020e-03 -8.264408190462865234e-01 1.480267635300065887e+00 4.895998837994719119e-03 -8.213108228160717061e-01 1.458258161641850181e+00
2.083123108500687104e-01 1.614427679633570001e-04 2.358272909884747970e-01 -4.364794323710139388e-03 4.684000379016238502e-02 -2.495673068636698657e-03 9.988897507890366345e-01 1.318314711616636742e-02 8.549454209051492448e-01 -1.814617761253600969e+00 1.347900378856305668e-02 8.431550094657701555e-01 -1.806601329740370465e+00 3.661774958947215490e-03 -8.057932755842133199e-01 1.508197160118641023e+00 3.580238072313367444e-03 -8.020881282674915402e-01 1.488295404845592307e+00
2.086681520053061401e-01 1.728496400473509057e-04 2.357143982498802470e-01 -4.179116524406984931e-03 4.580868727880495206e-02 -2.524303805210632422e-03 9.989382999190525858e-01 1.187616078665875048e-02 8.657844589752368147e-01 -1.788347319734143515e+00 1.282869204950947035e-02 8.544126459231041748e-01 -1.781051825702502311e+00 3.107320333596128373e-03 -7.934792527807514873e-01 1.524853790911275153e+00 2.515499734317130139e-03 -7.906394782426261481e-01 1.506201998191787572e+00
