2.000000000000000111e-01 0.000000000000000000e+00 2.399999999999999911e-01 0.000000000000000000e+00 0.000000000000000000e+00 0.000000000000000000e+00 1.000000000000000000e+00 0.000000000000000000e+00 8.000000000000000444e-01 -1.600000000000000089e+00 0.000000000000000000e+00 8.000000000000000444e-01 -1.600000000000000089e+00 0.000000000000000000e+00 -8.000000000000000444e-01 1.600000000000000089e+00 0.000000000000000000e+00 -8.000000000000000444e-01 1.600000000000000089e+00
2.000001057222448309e-01 -3.016111395301104028e-05 2.185459349837003407e-01 -8.226629301973829248e-04 2.433330885540327584e-06 -4.219463393160879706e-07 9.999996616097448499e-01 6.104651502080327835e-04 8.687581913674925493e-01 -1.734251607860073596e+00 3.002353417073748074e-03 8.676565159883673495e-01 -1.732053195363292053e+00 6.085887523512953801e-04 -8.687602993626275527e-01 1.734241732127596691e+00 3.001209480486762265e-03 -8.676598433979775260e-01 1.732041580891844124e+00
1.999999192272697290e-01 -4.332486139081385545e-05 1.809201989282274436e-01 -2.309981180441913595e-03 -9.060606465595812679e-07 -1.430525234991967440e-06 9.999973319884801759e-01 5.229471798877879940e-03 1.006858095848899737e+00 -2.014913814907317580e+00 4.506347890820588259e-03 1.004010206839321739e+00 -2.009184618203565087e+00 5.223406055011133552e-03 -1.006853747672305621e+00 2.014919693404748635e+00 4.499671672932530238e-03 -1.004012702876860175e+00 2.009184837060804529e+00
1.999998969614683875e-01 -4.002496353763022538e-05 1.358967416516482229e-01 -4.135438472935902207e-03 -1.417845769458060289e-06 -2.657350458410036185e-06 9.999914490332229011e-01 9.173403950729693002e-03 1.167109869079575812e+00 -2.335983826202812086e+00 8.030584705194075343e-03 1.162309160925240059e+00 -2.326404844907745684e+00 9.156598429224019342e-03 -1.167099764860877187e+00 2.335997329528095801e+00 8.013426447617863491e-03 -1.162317684339398971e+00 2.326404582678834210e+00
1.999999478881851755e-01 -3.823427173958202183e-05 9.230884678517795039e-02 -6.025339318037072588e-03 -5.578512834557852305e-07 -3.735906078111266579e-06 9.999818474711600347e-01 1.293626564709922377e-02 1.313804098276765142e+00 -2.627675162715289225e+00 1.253541240215907786e-02 1.307189208175876249e+00 -2.614564630055359995e+00 1.289668061941297295e-02 -1.313782872790197009e+00 2.627693393914177555e+00 1.249849293894203170e-02 -1.307211537555947212e+00 2.614553548114954662e+00
1.999998781696311068e-01 -5.491784695049990261e-05 5.870681947668009160e-02 -7.720994129767760894e-03 -2.703033090301922952e-06 -4.372331629074670941e-06 9.999701926673736363e-01 1.826421942910611343e-02 1.420706852316534707e+00 -2.843601990968743110e+00 1.593681949744554099e-02 1.413065560512206886e+00 -2.827775223626212142e+00 1.819415663282329676e-02 -1.420662382818516312e+00 2.843643114208684430e+00 1.587450926915415228e-02 -1.413101816760094831e+00 2.827766755907942464e+00
1.999997161448592298e-01 -9.888672817708566104e-05 4.351512535326329534e-02 -8.913426431382405826e-03 -1.250878990305860779e-05 -4.627870841727837393e-06 9.999602745366263923e-01 2.597980115409316906e-02 1.461093769533561959e+00 -2.938600573964769147e+00 1.509297615647136465e-02 1.453490645110104618e+00 -2.921004303001975000e+00 2.589896901708062249e-02 -1.461020133513631913e+00 2.938694880390585684e+00 1.501736244297287304e-02 -1.453518439498468373e+00 2.921040146808056903e+00
1.999997860539900196e-01 -1.525475197371221566e-04 5.510297216897541706e-02 -9.287884271796395877e-03 -2.710632840274010552e-05 -4.389637233118834632e-06 9.999568662956076492e-01 3.297988609732990795e-02 1.410498229153728245e+00 -2.860512004750219717e+00 9.485713970763653274e-03 1.403146187989494642e+00 -2.841950248938343915e+00 3.292399665101472528e-02 -1.410411540119037355e+00 2.860666663963802758e+00 9.420755286772157511e-03 -1.403141683152688168e+00 2.842059590282610237e+00
1.999995910974409763e-01 -1.352618601178279451e-04 1.016373612250211916e-01 -8.514676556362005613e-03 -2.782162645217870571e-05 -2.723360244572151526e-06 9.999637490937762774e-01 3.021406901677937268e-02 1.252470193695770284e+00 -2.546214808903402904e+00 6.318466817760914553e-03 1.244515231190553406e+00 -2.527673953621220715e+00 3.019617996258859571e-02 -1.252419672425249875e+00 2.546352819137453594e+00 6.285883482415517177e-03 -1.244500427417194466e+00 2.527793057558398004e+00
1.999967577211400616e-01 6.542589383933152111e-05 1.895719686579451779e-01 -6.459136255889136140e-03 7.058480232331938369e-06 1.890401612703447057e-07 9.999791395369055369e-01 8.474746302701605116e-03 9.989648567956921354e-01 -1.985806265503850199e+00 1.697216122827906876e-02 9.902877770642428690e-01 -1.968815590123605741e+00 8.474695256778300850e-03 -9.990111644074386454e-01 1.985775343698886974e+00 1.697366668183285590e-02 -9.903311177382017050e-01 1.968784372409938754e+00
1.999939723926983937e-01 3.833408086707431879e-04 3.212137647250248307e-01 -4.221167260797586279e-03 3.057806886544315786e-05 2.616069435208585689e-06 9.999910903628562719e-01 -7.509726460532450271e-03 7.878043105923265843e-01 -1.526509582451428537e+00 2.352077942935133087e-02 7.796192359008109474e-01 -1.512555048979420169e+00 -7.495695186329323634e-03 -7.879134143296107062e-01 1.526355942018807976e+00 2.354624388628630965e-02 -7.796973768730458554e-01 1.512414921810457447e+00
1.999927313520928895e-01 6.107855224902112266e-04 4.264107688216967618e-01 -2.293835234766207053e-03 4.523991517882319839e-05 4.328457166258441596e-06 9.999973681238016887e-01 -1.887474393736216990e-02 6.163742464939624410e-01 -1.160795344076111180e+00 2.672022722637270448e-02 6.097277793556115100e-01 -1.151006266016189272e+00 -1.885030826288095623e-02 -6.165190445539607822e-01 1.160558267520460429e+00 2.676121761644240094e-02 -6.098228518524200226e-01 1.150792364148490510e+00
1.999923626398789900e-01 7.681404760615717295e-04 5.056920426551129166e-01 -6.331277554608572130e-04 5.292598876698976519e-05 5.345954999717142203e-06 9.999997981597325003e-01 -2.638438353009294260e-02 4.830621184420014202e-01 -8.828536201054442145e-01 2.709734250786010809e-02 4.787258440065818577e-01 -8.779907133017114118e-01 -2.635306494708210961e-02 -4.832217974263276483e-01 8.825662571251431388e-01 2.714697278155243226e-02 -4.788248329185274543e-01 8.777326184947703558e-01
1.999923962308198799e-01 8.721251803495642376e-04 5.594960592217615991e-01 8.211447800096692649e-04 5.522228807815953355e-05 5.797749970590801446e-06 9.999996613190103023e-01 -3.073735776953114007e-02 3.869566941981896213e-01 -6.884600757674532723e-01 2.512634265015200458e-02 3.854179002068855997e-01 -6.889268848573806281e-01 -3.070242543657928855e-02 -3.871160190035691784e-01 6.881501866358824548e-01 2.517908829242493374e-02 -3.855121159030362454e-01 6.886493029787863485e-01
1.999925097477286695e-01 9.342315318607850080e-04 5.881314633454318708e-01 2.129356986959827450e-03 5.343633849383914037e-05 5.829714492078120060e-06 9.999977314721240074e-01 -3.256870025124469770e-02 3.278191473964242042e-01 -5.749249997601912909e-01 2.125210169416680978e-02 3.292864306051520029e-01 -5.807784838579654885e-01 -3.253308785844891832e-02 -3.279679171769315227e-01 5.746155817470022242e-01 2.130363684333064569e-02 -3.293710871185514533e-01 5.805018205211399662e-01
1.999924853193676411e-01 9.612319723508433965e-04 5.917638010742848342e-01 3.342089937457335194e-03 4.864214804255443146e-05 5.557318536940947340e-06 9.999944140033520945e-01 -3.245854329692873103e-02 3.060627234348223258e-01 -5.410609974899668329e-01 1.590320401626774127e-02 3.104775184129674459e-01 -5.520179738315337259e-01 -3.242478163522771739e-02 -3.061953799984346025e-01 5.407708086380562662e-01 1.595025194131804297e-02 -3.105514201853261103e-01 5.517588183173721683e-01
1.999921801238190577e-01 9.567780921976188225e-04 5.704083777670949651e-01 4.492740485488808284e-03 4.172485214818604882e-05 5.050005443647474825e-06 9.999899067072948178e-01 -3.094430480779448295e-02 3.227382138916538024e-01 -5.871678941505826810e-01 9.499337978031478780e-03 3.297882872211673200e-01 -6.026060478526276132e-01 -3.091447363744228433e-02 -3.228535812226698831e-01 5.869118879620058848e-01 9.539530975802363449e-03 -3.298536141751172157e-01 6.023775760896836751e-01
1.999915102935864442e-01 9.238783919028689283e-04 5.239209353513847311e-01 5.590203981210704887e-03 3.341190695839920012e-05 4.333131792480475402e-06 9.999843741200743485e-01 -2.853340951997358418e-02 3.795231894019243102e-01 -7.150339079540914966e-01 2.456498598646022179e-03 3.886574419880065578e-01 -7.339872598243853963e-01 -2.850911153505018836e-02 -3.796243286047367160e-01 7.148235888410361394e-01 2.488248012718041226e-03 -3.887196227306904395e-01 7.337995645508684772e-01
1.999904491835061415e-01 8.683499118414846193e-04 4.519873857979548326e-01 6.609062270589141121e-03 2.428534731858501361e-05 3.398578255689195087e-06 9.999781596087862212e-01 -2.571378244414174175e-02 4.787138671130262146e-01 -9.279526971878888641e-01 -4.807135817563670983e-03 4.891605510039360727e-01 -9.491022970456017838e-01 -2.569614163889355138e-02 -4.788080429791516934e-01 9.277964007411401148e-01 -4.784755197327448563e-03 -4.892282215960095937e-01 9.489626477577266517e-01
1.999890448267411247e-01 8.032763445476842320e-04 3.541253429942451958e-01 7.474089976605087331e-03 1.478018172260388954e-05 2.219382570864277655e-06 9.999720684877363430e-01 -2.295858205922067519e-02 6.232204417401741026e-01 -1.230756654696140373e+00 -1.186163946674224576e-02 6.340141690297025345e-01 -1.252418254343466986e+00 -2.294826772959779326e-02 -6.233192127539668448e-01 1.230659749646500378e+00 -1.184898395295107092e-02 -6.340992270259749874e-01 1.252331282289674830e+00
1.999874696623918924e-01 7.535583100241257130e-04 2.297275211810553830e-01 8.037757759417129416e-03 5.213298194504426473e-06 7.652558457754898186e-07 9.999676966894663899e-01 -2.071953034254232773e-02 8.165710217289109396e-01 -1.629868173405361498e+00 -1.824750293322114150e-02 8.265982784237224656e-01 -1.649979954556068940e+00 -2.071680256388930969e-02 -8.166904830271101146e-01 1.629833176816042783e+00 -1.824442721239310020e-02 -8.267160555165190550e-01 1.649947752580830596e+00
1.999868554588408731e-01 7.801166316474470981e-04 1.621893989521364932e-01 8.119072974905876261e-03 -4.546802093979225249e-06 -9.860840327115742350e-07 9.999670397730029414e-01 -1.910318930514275440e-02 1.063282499234054157e+00 -2.133468624007888614e+00 -2.371044143613282307e-02 1.071353508152757872e+00 -2.149581299390962652e+00 -1.910798800543288961e-02 -1.063443915797504857e+00 2.133495173757357311e+00 -2.371629892275804383e-02 -1.071523092243762632e+00 2.149603380825821919e+00
1.999874824401536022e-01 7.486509232017338200e-04 1.532688659636664841e-01 7.119716850543313623e-03 -1.549108406011708028e-05 -2.608882207563587411e-06 9.999746543713936564e-01 -1.740491770493209425e-02 1.310076062391064111e+00 -2.636930694168617251e+00 -2.947733891017127739e-02 1.316517043624670258e+00 -2.649146905328777279e+00 -1.741733126358837452e-02 -1.310279314219490177e+00 2.637018685143933450e+00 -2.949201163994759692e-02 -1.316738319376901112e+00 2.649223167001676149e+00
