2.000000000000000111e-01 0.000000000000000000e+00 2.399999999999999911e-01 0.000000000000000000e+00 0.000000000000000000e+00 0.000000000000000000e+00 1.000000000000000000e+00 0.000000000000000000e+00 8.000000000000000444e-01 -1.600000000000000089e+00 0.000000000000000000e+00 8.000000000000000444e-01 -1.600000000000000089e+00 0.000000000000000000e+00 -8.000000000000000444e-01 1.600000000000000089e+00 0.000000000000000000e+00 -8.000000000000000444e-01 1.600000000000000089e+00
1.968041594327713806e-01 -2.981028609371658237e-05 2.381307630766859584e-01 3.859890878136517430e-03 1.161219612366242403e-02 -2.633524622007078916e-04 9.999250915889025260e-01 -7.007865567137562882e-03 7.974090617569077333e-01 -1.672486150992983589e+00 -7.314951048353818437e-03 8.028121504414048593e-01 -1.684519775887568294e+00 -7.734716458402903297e-03 -8.339333974556250029e-01 1.594003266534651075e+00 -8.254163074388667226e-03 -8.402052566594044869e-01 1.605365026427642228e+00
1.908825993130414400e-01 -7.381521173170348333e-05 2.360538090477355133e-01 7.457382385845292595e-03 3.146027440395297164e-02 -6.848229412749984530e-04 9.994769480082661417e-01 -1.338385510934544595e-02 7.641911200208891808e-01 -1.746510911694864499e+00 -1.374221620665132954e-02 7.730367257530196268e-01 -1.769045775259290298e+00 -1.523104404899491837e-02 -8.694876108008408044e-01 1.538923148579978362e+00 -1.553959115141675083e-02 -8.827193104916931654e-01 1.561322144654365696e+00
1.824234946906156674e-01 -1.240411606585844454e-04 2.345066979701229404e-01 1.086745174628167554e-02 5.444314135712746000e-02 -1.277917053737546256e-03 9.984569143331692986e-01 -1.899471686688802147e-02 7.059555560893240322e-01 -1.818941102111691244e+00 -1.976479479610333476e-02 7.158341971034037909e-01 -1.850496884756879012e+00 -2.212481009327664505e-02 -9.075851627824107482e-01 1.462804981883504274e+00 -2.249487768643441271e-02 -9.286578713503892413e-01 1.496391776021223308e+00
1.714684699758840802e-01 -1.735882786239027233e-04 2.344891016005357098e-01 1.419909742180427113e-02 7.467145861050941691e-02 -2.005614965856827425e-03 9.971050779180666845e-01 -2.424303707894671228e-02 6.226600737458828361e-01 -1.862664937525088771e+00 -2.543891944251648260e-02 6.310477661413406159e-01 -1.902042686594324294e+00 -2.884406013423285176e-02 -9.413257301622339757e-01 1.375521440810702156e+00 -2.924521947713270772e-02 -9.711082328059241764e-01 1.420696089476638058e+00
1.580453647105548587e-01 -2.147171600843489998e-04 2.370159214901498557e-01 1.762760382303523235e-02 8.471588481334497989e-02 -2.744044783990095670e-03 9.962454299327920815e-01 -2.957007220526738575e-02 5.237911956853725792e-01 -1.846396395577537985e+00 -3.124496759564247134e-02 5.297845236756452136e-01 -1.893523868787537978e+00 -3.580313463935840684e-02 -9.652527133988975105e-01 1.291043938254563317e+00 -3.615656541484521536e-02 -1.004551051009003215e+00 1.348511499072442721e+00
1.423199468295193448e-01 -2.329636686806331480e-04 2.432107506919238549e-01 2.142777033883930607e-02 7.422334263167004731e-02 -3.194197401454077628e-03 9.970062904364486167e-01 -3.585928597831874315e-02 4.283617957894355066e-01 -1.728152145793155237e+00 -3.812440194013170386e-02 4.361976475220822325e-01 -1.787152156739938436e+00 -4.358311183459430416e-02 -9.752966366260441555e-01 1.233690975369745368e+00 -4.382908810215294798e-02 -1.024641390949780906e+00 1.304236589652858935e+00
1.246978589577587282e-01 -1.989249686948225525e-04 2.544668185062287646e-01 2.573797352487509904e-02 2.855429821092599768e-02 -2.428030814585324833e-03 9.992578813493930845e-01 -4.583290296066800523e-02 3.398035986648732520e-01 -1.442394159981863266e+00 -4.670059213832086775e-02 3.767108571484109047e-01 -1.539100532909775332e+00 -5.167921945747044193e-02 -9.662813869145672196e-01 1.240207540030488165e+00 -5.200936320259021139e-02 -1.022324033565042978e+00 1.320864492866688833e+00
1.032625878868108638e-01 -2.412210434071748949e-04 2.685667620303633374e-01 6.898925519387610374e-03 -4.038103535974364722e-02 6.760101649584769785e-03 9.991376671088125772e-01 2.113596628892853296e-02 -1.918606515855796890e-01 -1.427605613860629674e+00 -9.549518940243972853e-02 3.719627507044556136e-01 -1.556037128786579515e+00 -6.289431564694844545e-03 -9.681868078338713435e-01 1.304141292741095803e+00 -6.853898691914862840e-03 -9.783436539219044770e-01 1.344714378038112779e+00
8.634056956655958293e-02 9.926902392508237536e-05 2.746450941865092865e-01 -3.071911236527940722e-02 -6.175676304268354344e-02 1.215836484803165841e-02 9.975442910057684687e-01 1.420733026070334359e-01 -8.353250564170142667e-01 -1.369959009619705848e+00 -1.391355804084120906e-01 3.408395994995699896e-01 -1.587782136327961391e+00 7.333159907366174068e-02 -1.004629806142334880e+00 1.307402777699829599e+00 7.152431721057733727e-02 -9.317352599265956714e-01 1.244617759808575252e+00
7.632212203170721243e-02 1.610922198996998875e-03 2.762102540844905696e-01 -7.338460276181414665e-02 -5.350636750686280085e-02 1.543329784462222319e-02 9.957477502015007476e-01 2.960735848370995571e-01 -1.568789082093866805e+00 -1.253442434328965405e+00 -1.815124083108916320e-01 2.988732474076047363e-01 -1.627555556354968180e+00 1.560219508967828350e-01 -1.047458040076254315e+00 1.273821576880402873e+00 1.489046204942795493e-01 -8.812067802854544052e-01 1.083261267857247745e+00
6.714237493754002251e-02 1.592195061111216156e-03 2.798528813848258912e-01 -7.386041622716950361e-02 -6.786425368132859015e-02 1.211548800851850426e-02 9.948830569154050174e-01 3.121095175115797260e-01 -1.580502621421755238e+00 -1.081732701873434621e+00 -1.777160384315655262e-01 1.613823956674617366e-01 -1.701570473651678350e+00 1.565286731530181330e-01 -1.040626044865819333e+00 1.256387244994140229e+00 1.492858404920557325e-01 -8.634663973595245734e-01 1.038822512814556509e+00
6.188658817401974238e-02 1.442270948905970129e-03 2.813291350833938553e-01 -7.097941988029830840e-02 -7.402464205426841082e-02 8.943104497489671317e-03 9.946870337971339682e-01 3.275087303360446067e-01 -1.571807062269836353e+00 -9.156609560903845590e-01 -1.532849037454019070e-01 1.858914316604573513e-02 -1.769391158027749711e+00 1.479786639319415065e-01 -1.032457362212688690e+00 1.240314492426433102e+00 1.413903817681317066e-01 -8.652973091957009144e-01 1.026977136959570824e+00
6.195354944269616110e-02 8.099635995063097452e-04 2.832953407852675798e-01 -5.629676073344381387e-02 -9.037797714331455290e-02 5.678188936488240066e-03 9.942988756650614768e-01 2.929797486915342031e-01 -1.264297024175262019e+00 -1.039211917607776980e+00 -1.126674313087385193e-01 6.438395153180040409e-02 -1.749362529319415271e+00 1.190428093576409024e-01 -1.011716343524170725e+00 1.268936058588057803e+00 1.146778212980238548e-01 -8.788399928050488752e-01 1.096612104754879580e+00
6.682675032833194917e-02 2.550195915670562920e-04 2.834662119715292139e-01 -4.171158775267661684e-02 -9.857305356434221955e-02 1.817084053679897393e-03 9.942535867492225954e-01 2.580396885790225969e-01 -9.506252719959633612e-01 -1.169735327266123948e+00 -6.968179358519341338e-02 1.129770684052754520e-01 -1.726819309001081715e+00 8.833458018689460678e-02 -9.936967336885851321e-01 1.308783825504098219e+00 8.572892500200263166e-02 -8.985306919278656101e-01 1.178067849540325618e+00
7.651666558683405117e-02 -1.750635583514673164e-04 2.813157179284504483e-01 -2.850522016035331174e-02 -9.531450709057366633e-02 -2.712762915577768188e-03 9.950352948911181938e-01 2.214216985199151111e-01 -6.323259806239005520e-01 -1.298034629346997315e+00 -2.652018282384549508e-02 1.614319526642891134e-01 -1.703616908400314101e+00 5.872057139424508715e-02 -9.808653906870763439e-01 1.350100449753649734e+00 5.729321505641683798e-02 -9.196009860776255262e-01 1.250880401313367196e+00
9.107656454686820224e-02 -4.150687794310717587e-04 2.762136175169470076e-01 -1.821939793281981967e-02 -7.458885523091236813e-02 -7.942211674004795788e-03 9.970162874737968917e-01 1.814418986337844042e-01 -3.034090826173708733e-01 -1.422235731232359024e+00 1.611713208065414238e-02 2.132740565418964618e-01 -1.678785039428937420e+00 3.298090781822476947e-02 -9.736355825525923047e-01 1.374619013697761183e+00 3.218092810107330698e-02 -9.387448217752619728e-01 1.292055029913606656e+00
1.106402665430191307e-01 -3.584202714426546767e-04 2.672207900294202854e-01 -1.381182920589068761e-02 -2.666997467363507041e-02 -1.335807952819940796e-02 9.994596077562180048e-01 1.365780551719123492e-01 4.432447912420228731e-02 -1.540249413106257848e+00 5.594195530995704768e-02 2.756741198948795546e-01 -1.650963485000878306e+00 1.746631127224151578e-02 -9.729769963223052764e-01 1.354925047565910479e+00 1.695905696618547204e-02 -9.496366638504140090e-01 1.266432689286773439e+00
1.352184544137946531e-01 9.478275332736789491e-05 2.526704045578512803e-01 -1.969194475476541972e-02 6.236962416460218456e-02 -1.638523851893423228e-02 9.977243012235490482e-01 8.818640330936534932e-02 4.130204139259565088e-01 -1.653583830212124184e+00 8.808609413151061163e-02 3.607361937650258032e-01 -1.625221432538281885e+00 2.199169441046061255e-02 -9.838053587001075462e-01 1.261177187439137981e+00 2.335675753657953310e-02 -9.469050526372798648e-01 1.136840858577917501e+00
1.538364613225914335e-01 4.611301218636240347e-05 2.424139966229318655e-01 -2.390331943566162409e-02 1.108424432131072390e-01 -1.580727663348308054e-02 9.934247400321467580e-01 1.077661070128802523e-01 4.843526071838930580e-01 -1.908103280161591142e+00 1.049274490866529963e-01 4.144707264801419933e-01 -1.867589095219727824e+00 2.900520365813182705e-02 -9.774375445491212400e-01 1.227259788938308116e+00 3.026931613829822454e-02 -9.308613690111305905e-01 1.084798071256342755e+00
1.695354547792100042e-01 6.596820530488289240e-05 2.360022545331605104e-01 -2.452093660920004817e-02 1.238586491050891886e-01 -1.571249311261164322e-02 9.918724092693859129e-01 1.104923730064734655e-01 5.792352304510514083e-01 -2.018093113313435882e+00 1.078108222255425852e-01 5.047185456946559068e-01 -1.981342451315998954e+00 2.814133122038551399e-02 -9.583210677984541626e-01 1.262972138735893646e+00 2.911008202795951211e-02 -9.144449444471256516e-01 1.121665940588251642e+00
1.827101924051869886e-01 1.684610077627995300e-04 2.326671463006479146e-01 -2.273992202686763581e-02 1.162343618668967571e-01 -1.595166211855778005e-02 9.928333261647005470e-01 1.007842172619871773e-01 6.839632231235825977e-01 -2.036910052099974777e+00 9.884033820193068032e-02 6.097020442283469510e-01 -2.006375725260269860e+00 2.190244284872611483e-02 -9.291913842285074443e-01 1.330738309496589000e+00 2.276720600003852985e-02 -8.955952327179972361e-01 1.202813425873933362e+00
1.934862165393250177e-01 2.999073067319963834e-04 2.317232078492374447e-01 -1.982482112589962001e-02 9.824163116102108129e-02 -1.630168361927388995e-02 9.948315503065455756e-01 8.648751754467336184e-02 7.746629952129657770e-01 -1.999280658135700994e+00 8.540405933765378432e-02 7.044748935680569257e-01 -1.976124273943582477e+00 1.328479831122484842e-02 -8.921551160306627759e-01 1.404117619124720884e+00 1.420203778610389100e-02 -8.712463093993033647e-01 1.293528074987498000e+00
2.018637675882024030e-01 4.219297184195044200e-04 2.324136765399024696e-01 -1.673691989150560486e-02 7.719310287762888578e-02 -1.662891022994061191e-02 9.967369661677215609e-01 7.292547506611693486e-02 8.386874032052350492e-01 -1.932927627266642467e+00 7.260458562549844397e-02 7.744277776633390342e-01 -1.917354463297630263e+00 4.514448577841809890e-03 -8.518718995063890853e-01 1.468005083046958648e+00 5.547516710139402743e-03 -8.427330172143524534e-01 1.373522647086682147e+00
2.077425553106996559e-01 5.164374745257498730e-04 2.338478429026310534e-01 -1.414787798903579738e-02 5.867638446452875384e-02 -1.686856370257919929e-02 9.980342534268000776e-01 6.257772845269594930e-02 8.759423465963495081e-01 -1.864094527970449278e+00 6.285083074924127655e-02 8.173675571662630812e-01 -1.855060440272725542e+00 -2.787599845694328782e-03 -8.157134597589105196e-01 1.514514004562134364e+00 -1.637411221660978709e-03 -8.155707531427869306e-01 1.432305531729571202e+00
2.108988779377758416e-01 5.710085154956621263e-04 2.350321862316009647e-01 -1.259600182132127044e-02 4.731454321403869012e-02 -1.699912494033321841e-02 9.986559490083795065e-01 5.674603293944243537e-02 8.923180767964704607e-01 -1.818168981376769855e+00 5.739870301229185734e-02 8.373403536679084880e-01 -1.813163250013953620e+00 -7.176036880820166157e-03 -7.929112300989306084e-01 1.539648231716939542e+00 -5.951576542499145521e-03 -7.978193980578931477e-01 1.464328334129318288e+00
2.112548968080191492e-01 6.038220707991974034e-04 2.349218744068970188e-01 -1.197331482163347532e-02 4.627181815578804147e-02 -1.704235119516475661e-02 9.987117285996396365e-01 5.295861923156076206e-02 9.019269208328271059e-01 -1.790925487293361318e+00 5.433612171180245837e-02 8.491972882125663480e-01 -1.788310143680461151e+00 -9.590231905066226234e-03 -7.792922620966534764e-01 1.554654726846575574e+00 -8.852247491130600318e-03 -7.872639873353582951e-01 1.483410468120978098e+00
