2.359195819885759049e-01 -2.272004976232654683e-01 3.904718933062710784e-01
-4.227757149909014966e-01 1.305113472223978222e-01 -1.489951947988112368e-01
6.870997774088096754e-01 -2.457944098602862504e-01 -2.945821372247338088e-01
3.946600273071387832e-01 -8.466389983556471543e-02 9.634049701482076677e-02
3.986080758484532582e-01 -2.794385579476964532e-01 3.247939786023980036e-01
5.405148386492837354e-01 -5.099648223556922932e-01 3.994203133236643444e-01
-7.587108626104274722e-02 4.484172975844100684e-01 -5.688005040353227848e-02
6.996398353611857912e-01 -3.562796014812957268e-01 1.289422338404495882e-01
4.421432876637302334e-01 -5.782857823391866769e-02 -3.243699635546687943e-01
5.636393667554685516e-01 -1.995855160550842611e-01 -5.563792769997750742e-01
3.067293495756331367e-01 -3.520693717934894607e-02 1.144162605553179224e-01
1.696525302583488937e-01 4.013086384134586376e-02 1.766020821549043468e-02
6.306871908744761113e-01 -1.048372292614966339e-01 -5.570533523655254449e-01
6.721521885011753072e-01 -2.423314510368573260e-01 -3.410826337733524061e-01
6.980241215038436309e-01 -2.524581460730725979e-01 -2.506960019918850757e-01
7.138408636373916316e-01 -3.036119091582510365e-01 -1.707801666756782535e-02
4.016333231647045698e-01 -2.149139076650753433e-01 -6.661812671123363838e-01
6.802226771394074278e-01 -2.054624973754633765e-01 -2.215849548132671765e-01
1.060888000483250493e-01 1.675020871494943553e-01 7.898816417607168461e-02
6.180478777517347533e-01 -6.116247359617560386e-01 3.784740230230109193e-01
7.232625001551903354e-01 -3.370434683300558287e-01 -2.592056888308517590e-03
3.448677495198980147e-01 -3.983408919166266104e-02 4.966012006841082765e-02
1.839178560491898096e-01 2.933329021398395006e-02 5.487786419799952319e-03
1.249342473096418937e-01 1.131642964898181558e-01 5.439134211289642362e-02
8.857328104833565863e-02 1.233192267736151065e-01 3.891864867687434837e-02
5.978529545986068783e-01 -9.792162774943741210e-02 -5.451519284061978610e-01
6.914504277821209577e-01 -1.328151652322170917e-01 -4.809727069220123274e-01
6.902436735860755235e-01 -1.320977979278047665e-01 -3.903102277153125410e-01
1.837122002776910012e-01 6.192783349393914116e-02 8.349470595120207783e-02
5.827459778219423736e-01 -1.768911125542298735e-01 4.275612760887264469e-03
5.805475683178423774e-01 -1.505342422981799932e-01 -6.452092646940061904e-01
6.115837344528337605e-01 -2.154117973356498295e-01 -4.736690291539833453e-01
4.105670448428502262e-01 -1.952993003935682426e-01 -6.862233323852842126e-01
5.131145109099481960e-01 -1.797792681955104332e-01 -6.403064440139872859e-01
7.059943552920506793e-01 -1.681040195609331822e-01 -3.489046989047160929e-01
6.879870250984638780e-01 -2.175599314513737559e-01 -2.533067394674975992e-01
7.111603563576432974e-01 -1.555220083737031134e-01 -3.088754537660282073e-01
6.929292739993553329e-01 -2.513855089853565539e-01 -2.511212787793684065e-01
6.154935750164043373e-01 -1.987752145973264994e-01 -4.932380981482855087e-01
7.193943727938693078e-01 -3.042496161421807122e-01 -1.171440468120854977e-01
6.896096324539582323e-01 -2.393221009124866794e-01 -1.370377740628445640e-01
4.449052090613537236e-01 -1.665679186572853743e-01 -7.102050374900891194e-01
2.803161435337227503e-01 2.827460013238025649e-04 -5.337053073843726209e-02
3.182962472722617453e-01 -6.709033583922160981e-02 -5.189770334645438243e-01
7.229589276576295909e-01 -3.613305703741672703e-01 4.639628026713091963e-02
6.745014758019549639e-01 -2.416262203012597143e-01 -3.343558679096766406e-01
6.938537138909537383e-01 -2.504727349691325822e-01 -1.498799762353934806e-01
6.699732689178183875e-01 -3.400476083147441209e-01 1.836119407337901688e-01
7.005617754225813565e-01 -2.630522497312678953e-01 -9.749671909758327037e-02
6.867129510435759920e-01 -4.698957290398074749e-01 2.447430572216577338e-01
7.071640242793828524e-01 -3.294774758022003258e-01 5.446348393927625403e-02
6.951279457440717735e-01 -3.925379527496490328e-01 2.616813951562159679e-01
7.213405446758861528e-01 -3.488935955960354440e-01 1.437914613767899558e-02
5.883361032007778935e-01 -2.136144504160343294e-01 4.939090105048685175e-02
5.006707097948105423e-01 -1.431670618873801537e-01 5.488036038153719376e-02
7.024149856847329287e-01 -3.363141757593610670e-01 6.688079214482216261e-02
6.540296615045368966e-01 -3.262207912659303433e-01 1.791806321964382331e-01
6.762549063093044044e-01 -2.694894145840369681e-01 9.689010086773778771e-03
6.974624165137213172e-01 -4.366981300842277536e-01 2.683272263550949832e-01
4.141017691398619083e-01 -5.265694459505861902e-01 4.846562027623288471e-01
3.081167469750930032e-01 -9.654977666777746215e-02 2.174118253844744830e-01
5.934697863860119993e-01 -4.408683861886094624e-01 3.473608434648938204e-01
4.866629017815292668e-01 -6.793362480509669288e-01 4.802664596579613310e-01
5.454404012971058036e-01 -2.690411040056879255e-01 2.082467768362263327e-01
5.102831356080074210e-01 -1.737580571525489392e-01 1.030402931610727435e-01
4.988293408522804784e-01 -1.854748097176381338e-01 1.412803769454696601e-01
5.670058030194760068e-01 -2.439963834075897231e-01 1.576294270943532361e-01
1.335381288606753702e-01 7.132073968337249159e-02 3.377224607866984724e-02
4.394209084437131763e-01 -1.209652610606285483e-01 9.386882537833726725e-02
4.249637884225040962e-03 1.644779371091013298e-01 5.257369591939523024e-04
4.647033850100970032e-01 -9.322678481868379441e-02 9.876186798293126387e-04
-2.973789469622383774e-01 1.400261221208050633e-01 -8.963350346657422696e-02
1.204435067456459257e-01 4.652330181165678646e-02 1.340717158338758722e-03
7.116928804774598216e-01 -3.696067489205406287e-01 1.035895855404022070e-01
5.457731568700604496e-01 -6.393955428064818092e-01 4.743903030484968864e-01
1.492689378996228666e-01 4.791808565085826921e-02 1.936351805758982358e-01
6.214075348180533309e-01 -6.325039487774010150e-01 3.781507328662638834e-01
4.415938477669126838e-01 -1.691920066679392376e-01 1.862353695472375448e-01
4.433275429868456241e-01 -6.750448996758467990e-01 5.437699386734097251e-01
3.768295050687946457e-01 -3.457297543924980343e-01 4.074709030904549167e-01
3.775922295871562695e-01 -2.377814883837168769e-01 3.098554183988977972e-01
5.996298756488742665e-01 -3.511902045017920582e-01 2.847919254990146087e-01
3.797031916833919496e-01 -1.839532791025957625e-01 2.581807635084470420e-01
2.744262530674441702e-01 -9.673837752204707263e-02 2.436329963199662940e-01
1.330481031723926844e-01 9.684961470072300793e-02 1.563551563061089666e-01
-4.176003499659177165e-01 6.438560191735813731e-01 -4.564613601856302161e-01
-2.381053418242226050e-01 2.730753249119280412e-01 -1.326787724323656437e-01
-7.053440003593389185e-02 3.822438361388133532e-01 -5.572314147320138467e-02
1.866373463028518365e-01 6.308297209966520769e-02 1.227994005810829348e-01
-6.702758844500389390e-01 1.956118044947455781e-01 -3.867098401396941165e-01
-6.068930273902284345e-01 3.680109970716194390e-01 -4.647710619347639183e-01
-1.891144880447785115e-01 7.229388294995232611e-01 -1.627479157401434673e-01
-4.117173307820101713e-02 7.119457462453908370e-02 -4.021641169782306548e-03
-1.688359832357797796e-01 1.299471433244062391e-01 -5.074776634929227537e-02
-3.481465723177777638e-02 4.851563461033603364e-01 -5.684254720963374807e-02
-4.917257574950253396e-01 1.350710135904021891e-01 -2.159068457036949218e-01
3.332326406983653899e-01 -5.406972045834407270e-01 5.376480440598867538e-01
4.243220476543671515e-01 -6.503751309348647647e-01 5.272075410222548664e-01
5.575412443943810192e-01 -6.939097831262112104e-01 4.289731213927124864e-01
6.036606813073795985e-01 -6.342601953224191735e-01 3.955878927601355621e-01
5.634703163922109015e-01 -6.494179336104057843e-01 4.419783102915350037e-01
-5.393448287093124266e-02 1.202120347097474229e-01 -1.781895829238751283e-02
-1.899012894430534767e-02 2.042275473897908200e-01 -8.464036380968086373e-03
9.498847533219242911e-02 6.673397093607166819e-02 1.427100806325139366e-02
2.060273635469836440e-01 2.932208513823952867e-02 2.212352974363428898e-02
1.934458104677173329e-01 2.127166033911448428e-02 -1.781587838069429233e-02
3.416056443811281151e-01 -1.905146506999438882e-02 -2.701150860818472485e-02
3.734719519758195605e-01 -2.656902305474595494e-02 -1.219026454240332846e-01
4.048469154421143745e-01 -3.675513900224955388e-02 -1.821646302892828695e-01
3.330328467382528412e-01 -2.437346967793324604e-02 2.621432611384487410e-02
2.446489358683283377e-01 1.577276805434969786e-02 5.861997472889433208e-02
3.929542730360834346e-01 -5.426337074623946433e-02 1.324729500142666008e-02
4.966080839044836326e-01 -1.012302381603235879e-01 -3.598801317842242886e-02
4.903507676657266057e-01 -7.015850534534191774e-02 -1.000452563366910352e-01
5.860060329035733373e-01 -9.611046347041540816e-02 -2.661399361119473617e-01
5.357133277931432902e-01 -1.197888072261062697e-01 -4.130621721927200951e-02
4.270294464773707332e-01 -7.549814800266388404e-02 1.067698837675012599e-02
5.508203658396564339e-01 -1.184825493362300919e-01 -9.294308610118759417e-02
5.630693534713231418e-01 -8.835401062177605791e-02 -2.094062570693863146e-01
7.253115742589661963e-01 -1.119888467567006218e-01 -5.965087704519705936e-01
7.807293737045580828e-01 -1.681570231893714240e-01 -5.099709749673392301e-01
4.083126549192429566e-01 -3.644853487822830029e-02 -1.322183921521523642e-01
5.611639231435348041e-01 -8.727596586409279433e-02 -3.599188908156004674e-01
4.535615378294675648e-01 -9.646693399994171747e-02 -7.334042614271297778e-01
4.534554913344087668e-01 -1.291846671882781461e-01 -7.691191058016424442e-01
5.635641563241243768e-01 -9.447726969582109779e-02 -5.139836965261919133e-01
6.227362646947831593e-01 -9.078385648819775611e-02 -6.805414366260433834e-01
4.520515835779253533e-01 -8.532937965050418905e-02 -5.749263418976960915e-01
5.502009664476223971e-01 -8.913465835161707429e-02 -4.260903444807522256e-01
4.748151071690045466e-01 -7.403130104931543443e-02 -4.251789435396020056e-01
3.993040832402725004e-01 -5.166499068361463110e-02 -3.380070808391105741e-01
3.963775718994763109e-01 -8.839874163540051288e-02 -6.556542299151221220e-01
3.759076504429558763e-01 -5.972784857566187933e-02 -4.247304992194171347e-01
4.352688169384726358e-01 -6.745880424200143000e-02 -4.165415772096220937e-01
3.306555836882941746e-01 -5.972241336703495995e-02 -4.636919995851656040e-01
4.195333250232283762e-01 -5.008399040931504898e-02 -2.945465318032881585e-01
4.363448442269453054e-01 -4.929745081549388730e-02 -2.504704925481366362e-01
4.164925361293904116e-01 -4.855600827260155017e-02 -2.886029513076112107e-01
4.888527195787268909e-01 -6.705246427602368220e-02 -3.261061296612772775e-01
3.344318438582621345e-01 -1.523183052598797715e-02 -6.921523998034209701e-02
6.193831821530266374e-02 5.796621934669011350e-02 4.801841225216180176e-03
2.534773070336705514e-01 6.784875555094146971e-03 -4.438561606894966816e-02
-8.113434034991094668e-02 1.056716911661815528e-01 -1.782181941937935679e-02
9.921468359603891063e-03 6.086996716164121135e-02 1.858533849545632947e-03
3.333095505680780390e-01 -1.414269259360387276e-02 -7.055681738487065702e-02
7.862600932261673559e-02 4.933125446873427161e-02 1.485207554060692832e-03
2.520122119748409162e-01 7.070423025073518941e-03 -4.518918091224825156e-02
3.843738231016298190e-01 -2.957308534254488031e-02 -1.650363888684251990e-01
4.094537423651237740e-01 -4.071579408222930629e-02 -2.243336690014231527e-01
5.542629178841268489e-01 -2.139018046119974814e-01 -5.455815508835027972e-01
6.505879301804748938e-01 -2.216420395880425165e-01 -4.051063995414131425e-01
4.263918184464764449e-01 -2.160809753677178646e-01 -6.488390374136874250e-01
5.710128981572224482e-01 -2.215129910304759198e-01 -5.174321853577963370e-01
6.872227193219212493e-01 -2.271362502607781608e-01 -1.785335363559398814e-01
6.599747525422783312e-01 -2.176442505034720254e-01 -3.798915023679767522e-01
6.345277790332691792e-01 -2.097030362143945670e-01 -4.821787052180120936e-02
6.885851497650656849e-01 -1.819562990004285341e-01 -2.289970794976176338e-01
6.540651247401787494e-01 -1.920645368148189425e-01 -4.337873937291631399e-01
5.667734217948703357e-01 -1.698586311054715026e-01 -6.124721357876938832e-01
6.706725434637437200e-01 -1.714784998602758292e-01 -1.835129825061681819e-01
6.463299742311834351e-01 -1.877721693383517798e-01 -9.357120111595740308e-02
6.736714902751939071e-01 -2.126774620853290332e-01 -1.284976104586232626e-01
6.938640038588493875e-01 -2.679715974420236457e-01 -6.692608149564657771e-02
6.194165112964140629e-01 -2.117173506182795928e-01 -5.660862591270487444e-03
6.569943585153197319e-01 -2.263872391419372021e-01 -4.983646738931654663e-02
6.242777887893978805e-01 -2.943408535629340461e-01 1.695797521783942718e-01
6.275155006758731391e-01 -2.296466975573388247e-01 2.345620098582851254e-02
6.831465125973246177e-01 -2.150406342067024412e-01 -1.691152010611476630e-01
6.844434361878953821e-01 -2.545927601846694754e-01 -6.238164982976138195e-02
6.828466124400218717e-01 -2.037747828066417133e-01 -3.099168620219066028e-01
6.885159369803620644e-01 -2.270854431240584836e-01 -2.213742461673068873e-01
6.860637308738168905e-01 -1.943972317058390575e-01 -3.362150958237096754e-01
6.682107721675395462e-01 -2.021168310501264553e-01 -3.736373780681565004e-01
6.902547248616653919e-01 -1.688104770355961515e-01 -4.289386520744014608e-01
6.253789034724063223e-01 -1.869108457724579231e-01 -5.031827182091277439e-01
6.895444519059974464e-01 -2.366925662634959959e-01 -2.286862790520788891e-01
6.963725708531270930e-01 -2.609166574865501853e-01 -1.861455189981974234e-01
7.061637572858545653e-01 -2.807404510384513552e-01 -1.843021249612726287e-01
6.966259770677039054e-01 -2.863689130308039732e-01 1.909293816206832865e-03
6.899466200062804866e-01 -2.334330637132536745e-01 -2.597309159153858849e-01
7.033848472933089679e-01 -2.630873307831117502e-01 -1.887211342786110635e-01
6.790990466998351183e-01 -2.245731938342578338e-01 -3.219831923808496588e-01
6.743560549017604266e-01 -2.370026070156148468e-01 -3.349178831624829433e-01
7.162314217152290219e-01 -2.868857747433913863e-01 -9.705724037540981730e-02
7.177634944705620912e-01 -3.174185707184161709e-01 -2.400133246585886906e-02
6.830313057024024470e-01 -1.742466076275846487e-01 -2.170153377129481198e-01
6.969208549919327922e-01 -1.833962685535930892e-01 -3.289141521238782562e-01
6.688878715574483325e-01 -1.617747070209789584e-01 -1.713361958460014045e-01
6.761018485317361604e-01 -1.923395675274306438e-01 -2.156357420365818955e-01
6.553035443840685703e-01 -1.457930339923177998e-01 -2.265622581355025977e-01
6.789523526982407242e-01 -1.434824567117440608e-01 -2.871162505313669677e-01
6.317635105335449586e-01 -2.242217305068539834e-01 -4.364197352667589236e-01
6.582519523046621579e-01 -2.352799823478153862e-01 -3.785319654319471705e-01
7.088113194866221267e-01 -2.782783448791730230e-01 -1.954983073015820194e-01
6.988008044206834857e-01 -2.602000195273078131e-01 -2.447303295567991310e-01
6.129879494735390733e-01 -2.153866403091863890e-01 -4.740743421972582472e-01
6.911203264186780437e-01 -2.501029706571452627e-01 -2.888758364430684678e-01
5.665143074123474287e-01 -2.182944294229339777e-01 -5.268192940477581798e-01
6.713622688064265764e-01 -2.350309647845675309e-01 -3.486100504274139977e-01
6.349406845734719695e-01 -2.230695881283305537e-01 -4.320516192433853098e-01
7.243784143425260336e-01 -3.422882034104852700e-01 -1.165563036174645933e-02
7.185690942422671146e-01 -2.920430078218249070e-01 -1.130687525495796542e-01
6.969024429015600042e-01 -2.577449257168636931e-01 -2.617341718653644622e-01
7.228706683428746116e-01 -3.113095585902994622e-01 -7.037551583101687991e-02
7.152916117241447935e-01 -2.989641169552466615e-01 -1.365147426157149180e-01
7.249169257182770387e-01 -3.284566171797863587e-01 -3.421980519026108364e-02
7.088550666569992664e-01 -4.362336935485886524e-01 1.603143125906627831e-01
7.087351202807551376e-01 -4.287885287765709763e-01 1.713547792962990257e-01
7.140613948489448193e-01 -4.084523831471159050e-01 1.284180238459069201e-01
7.215522996925163302e-01 -3.805473056016092648e-01 6.342914629353570144e-02
6.652194033928380268e-01 -5.129428770430445317e-01 2.955599673918516967e-01
6.952118870806669459e-01 -4.741760530015370900e-01 2.614461098949315554e-01
7.181051775599510689e-01 -3.720366208541749375e-01 8.345907280966884112e-02
7.180417319982999036e-01 -3.372784834656672448e-01 2.305703619488251588e-02
7.219729062296565969e-01 -3.199474997248371588e-01 -5.203942239871160724e-02
7.140067378602972248e-01 -3.455229401549618773e-01 4.751094250835107696e-02
7.064751844537082714e-01 -3.064553152019889870e-01 -1.610700488164595184e-02
7.174495910173080970e-01 -3.869517796265514731e-01 8.830144254618887967e-02
6.974193110141486684e-01 -3.559633689680155588e-01 1.312176539238359696e-01
7.066833725141060674e-01 -4.191637665397247026e-01 1.684512539074806692e-01
7.093635693657586172e-01 -3.765713115210262418e-01 1.174228118971296642e-01
7.107635539709190597e-01 -2.869330984183133815e-01 -9.680171267806993163e-02
7.207598917736888211e-01 -3.114768642055296133e-01 -4.209173000761798344e-02
6.172428149602172676e-01 -6.144652640239240959e-01 3.751492368799557164e-01
7.089183809848391693e-01 -4.417838778754104023e-01 1.629700140048806201e-01
6.893579644895192482e-01 -4.875252472696798844e-01 2.447869117425257035e-01
6.563347588404333521e-01 -5.291667062585759806e-01 3.220637360803407789e-01
6.584960773831280978e-01 -5.455010777204850614e-01 3.097975813130766087e-01
6.829940345674099245e-01 -5.386136656176836457e-01 3.388965413655344872e-01
6.206506541378563613e-01 -6.234391233686090716e-01 3.695661929679258662e-01
6.591689331747864200e-01 -5.543991691251504150e-01 3.230629287219414780e-01
7.165255660576073105e-01 -4.300543784842565942e-01 2.760247638144530113e-01
6.685959248096035035e-01 -5.223994757778660514e-01 3.318566470177838901e-01
6.928778791103422652e-01 -3.699473728310785914e-01 1.926243323390972595e-01
7.049229253638934489e-01 -4.058615377309111594e-01 1.946118687146346227e-01
6.757738088257367881e-01 -3.239763534814911194e-01 1.222810399652899949e-01
6.937060864339319455e-01 -3.772573683525217159e-01 1.929301696471165950e-01
6.591309151705446734e-01 -2.974771554825946795e-01 1.089724735276783318e-01
6.673669216336567400e-01 -2.680687946966224255e-01 1.589145499227212488e-02
6.937285924843643592e-01 -3.776005271681145969e-01 2.611453974946029710e-01
6.484444406286968832e-01 -3.442764597936003867e-01 2.439398269704889932e-01
5.799009843552339616e-01 -2.915576839632483264e-01 2.207935646723563072e-01
5.969918467976839116e-01 -2.766326675234391796e-01 1.622220573255176157e-01
7.009661665081956539e-01 -3.959775645506760644e-01 3.604284475159862389e-01
6.168429316211526681e-01 -3.290053533859850776e-01 2.320609095762371787e-01
7.312546731987429327e-01 -4.609278107883486020e-01 3.564632582517476278e-01
5.849671623159552469e-01 -5.301712134406884047e-01 4.014423347342579440e-01
5.107078866828875796e-01 -4.001104604736687165e-01 3.517639281764347037e-01
4.917263118162607527e-01 -3.228543953629963159e-01 3.035564386697150452e-01
4.056006883732046764e-01 -3.958286191548440747e-01 4.151164994348791604e-01
3.176028512345898669e-01 -2.248978743423288296e-01 3.408735213573717004e-01
5.587157656245382853e-01 -3.282510201054824606e-01 2.673165382288036351e-01
4.613199430172187920e-01 -1.624855141169114781e-01 1.420697096807492232e-01
4.466503009191660212e-01 -2.129619895865213497e-01 2.389047718461299041e-01
4.774170815518394284e-01 -2.044577857615428595e-01 1.840413769468098870e-01
5.318673979765083937e-01 -2.202413544973450543e-01 1.478953921543182115e-01
5.125262651563685656e-01 -2.312503846840456012e-01 1.972767010766744988e-01
4.288440619148766175e-01 -1.325006541554630268e-01 1.379819477894508872e-01
4.809620281893521310e-01 -1.459531632939782553e-01 9.975625914449907927e-02
4.075189143197853747e-01 -1.409008273430906455e-01 1.745265529882752409e-01
3.415589571568990457e-01 -4.904170842738461711e-02 8.576791835296160293e-02
3.905211003447121021e-01 -1.141429007925915950e-01 1.530073156039107873e-01
2.576565737071209172e-01 -6.129673121686746162e-03 1.338683403863559496e-01
4.791945589723735632e-01 -1.215297003406574511e-01 5.760427181535384550e-02
5.340510684919878015e-01 -1.619748943703180621e-01 5.786606931882151694e-02
6.013723264808260582e-01 -1.755735775536964305e-01 -4.153583449434793823e-02
5.543480230102051376e-01 -1.830198700766223208e-01 4.959816225214643687e-02
3.130334285226605284e-01 -2.729051551827130218e-02 7.904124977914533945e-02
4.460816703986835163e-01 -9.385975060927315150e-02 3.224619406207793193e-02
6.098189858211335856e-01 -2.306291599996549424e-01 4.833745968956906780e-02
5.433473628603621153e-01 -1.899055445559859889e-01 9.779963178682854474e-02
5.713918726568645301e-01 -2.127824655768733586e-01 9.443854368231988095e-02
6.354155244281104453e-01 -2.801797384773250799e-01 1.043469744349869444e-01
7.002737134931211749e-01 -4.036206066926974478e-01 1.936392113066657539e-01
6.863735265920872797e-01 -4.634362648363827275e-01 2.615436463914197485e-01
4.998910000893128092e-01 -5.454060924006500777e-01 4.451938430114155687e-01
3.184801756338504486e-01 -3.385065896684156805e-01 4.325833289576576646e-01
2.179588482473766298e-01 3.255295785243932094e-02 7.196714965507444717e-02
2.748848341030696862e-01 6.144688112448004613e-04 4.472900491389539268e-02
5.512562189205452157e-01 -1.597494386147585432e-01 6.752922084684502210e-03
5.787231345717069875e-01 -1.973144531817066782e-01 4.391710451209050736e-02
5.339227480890985644e-01 -1.403133895462251590e-01 7.478836167284751146e-03
5.537226388206429872e-01 -1.396364563004585391e-01 -4.309005550314241179e-02
6.291826840316191438e-01 -1.910119381353161394e-01 -4.436282912195928935e-02
5.941855340385783224e-01 -1.953409142307329371e-01 -2.183492759449015379e-04
4.099984115044402744e-01 -1.786787619683374018e-01 2.208070639131007873e-01
3.393809393294086596e-01 -6.897962650602351697e-02 1.328927254152878490e-01
3.789323568268148645e-01 -1.391188930401419388e-01 2.060610428236259728e-01
3.050221169643905217e-01 -5.759522747617036587e-02 1.646424654817982280e-01
3.433994805110262560e-01 -1.427276817003552134e-01 2.355775315349752097e-01
3.375961774780710800e-01 -9.778142883841620114e-02 1.851042962197602393e-01
1.708622729237008198e-01 -6.332494265531461719e-02 2.852362489572971560e-01
1.437596835018638552e-01 1.081768726834955452e-01 1.185825578089186871e-01
7.469238801294186825e-02 1.840047176874850254e-01 1.194752953640295240e-01
1.822961640618748214e-01 4.215354625723897325e-02 1.685678319395601532e-01
2.686073917259241828e-01 -4.916414779184370698e-02 1.914320263822878454e-01
2.476729238572684677e-01 -5.354083236646387661e-02 2.199271683857373649e-01
4.923845468498223854e-02 2.257672466059987559e-01 3.113447889919013570e-02
1.719028609732912161e-01 7.864627309224289653e-02 1.072465703232529377e-01
-2.576435525018805350e-02 3.097272841678715416e-01 -1.417162171682896654e-02
1.234236464748419693e-01 1.364393579850566585e-01 6.856601029947004267e-02
5.267224044452525900e-02 2.554416857421740739e-01 6.280591663751042275e-02
-3.711257749145806945e-03 4.001266187087608173e-01 -1.303858192458593607e-02
-6.543248999503106234e-01 2.254318982116395031e-01 -3.823753383711548381e-01
-9.103970310831471791e-02 2.115606586155106827e-01 -4.452426433062044858e-02
-1.597688190248258144e-01 7.161136365358601319e-01 -2.510787787637073221e-01
-3.231143666568401240e-01 3.336572068188590201e-01 -1.805722347674453832e-01
-6.257184885433046961e-01 1.487164548219662430e-01 -3.176340456376929300e-01
-2.361745818725941026e-01 7.371150757798956565e-01 -3.872152574382353718e-01
-2.760217871357087405e-01 8.254503549895411130e-01 -3.026419083662017506e-01
-4.422819911704368723e-01 2.580112799970092352e-01 -2.549081482416392097e-01
-9.401026482339333579e-02 1.790884051722309023e-01 -3.397079583148733539e-02
-8.894439929208849960e-02 6.037071383403943559e-01 -9.569699899256164932e-02
-1.832401587031187717e-01 7.590525746092668946e-01 -3.419324612979093292e-01
4.696098958522979677e-02 2.558094285269328916e-01 7.268264601350554743e-02
1.706656778690083254e-01 4.676304526382499271e-03 2.218476416379028815e-01
1.502738861196173670e-01 9.367684612049501092e-02 1.372656544090884445e-01
-4.726332015855475022e-02 5.698980348254740758e-01 -1.119748536839060005e-01
2.232366676959511576e-02 3.091240603510150842e-01 3.379509515715827667e-02
-4.956461042758242286e-02 5.602409620966395387e-01 -9.835485131935742253e-02
1.937165895289931841e-02 3.279788026647196264e-01 3.121789682441000746e-02
-8.244148437430348642e-03 3.872841114723784561e-01 -4.992706110779676631e-03
4.128494828046100906e-01 -2.304476016650313652e-01 2.737893547518707171e-01
3.100664962915709588e-01 -1.476973156419949529e-01 2.728807241688924190e-01
4.507956898977719118e-01 -2.696638642505337913e-01 2.945775675879242494e-01
4.737934387432660710e-01 -3.496147444795538184e-01 3.391676321211196110e-01
2.166171527124866047e-01 3.653013574931375518e-02 1.106977213961233830e-01
-8.929412699322625269e-02 6.802538177037213973e-01 -1.374942589652466407e-01
2.305474559122169254e-01 2.624873614922557108e-03 1.609994842359029621e-01
6.958540825441017486e-02 2.177588139284075408e-01 7.176708239998971783e-02
3.161791409046335599e-03 3.272585687208275362e-01 1.267583971286317945e-03
6.125817933358778111e-01 -6.460061966424041069e-01 3.755687659723058180e-01
5.758661650708265523e-01 -6.677567452417889626e-01 4.289867866563317200e-01
4.237616087973013479e-01 -6.937892343176346177e-01 5.326017899939083922e-01
6.863224050482084060e-01 -3.343507948423705689e-01 1.244356244751981116e-01
6.927550519181105981e-01 -3.231329714840507350e-01 6.837446190838875060e-02
6.126841341658981754e-01 -2.065374254064783754e-01 -4.821626539313748627e-01
6.125054222088311962e-01 -2.091908874246641847e-01 -4.819198277919303219e-01
4.907798140218551097e-01 -2.058261670676422295e-01 -6.144824939133066710e-01
5.663915843557765228e-01 -2.168933579505741005e-01 -5.284193285552936103e-01
4.844122237901408168e-01 -2.556402969778102108e-01 2.437774597106590058e-01
5.202069950619032657e-01 -2.843222552239357825e-01 2.605968398809134223e-01
3.487551174210965499e-01 -2.748163881526571317e-01 3.637942726943518834e-01
3.492472366756309010e-01 -2.034971586147919786e-01 2.928476673013792886e-01
2.883567009452158159e-01 -4.146193268082140060e-01 4.947325911237162588e-01
1.445091067545015151e-01 -1.017881795635680597e-03 2.445219459566986275e-01
2.017348251325392638e-01 -3.316268317833703794e-02 2.368649746212374563e-01
2.153100740410877345e-01 -1.763870020933541727e-01 3.589764876908997371e-01
2.874465758253823000e-01 -1.966711224044843109e-01 3.302627363850479392e-01
1.957800497690800334e-01 -1.256185529970932357e-01 3.268046044214004131e-01
2.537079768630478016e-01 -1.371388159197278467e-01 2.985517692736603945e-01
7.115165239450997881e-01 -2.679603773524636412e-01 -2.028634540021784227e-01
7.086364980902583044e-01 -2.730466970697479345e-01 -1.957668701495259289e-01
6.823219618275524478e-01 -2.987442503955437534e-01 6.334040383567053623e-02
6.706732864981249653e-01 -2.881958623504393691e-01 6.263836940856365443e-02
2.715081163794775820e-01 -3.627186004264829622e-01 4.688412125954674048e-01
5.372598526127744245e-01 -6.186414049259110204e-01 4.382001351416950352e-01
4.529275862341536896e-01 -5.879176337663293284e-01 4.802694914750452182e-01
4.765594710807922185e-01 -5.077928516008646254e-01 4.311854875909993945e-01
3.506076166969843699e-01 -5.892685150392380500e-01 5.510831453378417510e-01
2.943138231711284192e-01 -4.911604077687345971e-01 5.373921691175170823e-01
4.876943354051449520e-01 -6.782892617406535152e-01 4.878974250630890852e-01
4.095147094784043484e-01 -6.092825893707120022e-01 5.217551391122852156e-01
3.390536306799880606e-01 -6.178627694393574732e-01 5.704856733275209812e-01
3.558870200847792931e-01 -6.685899884843657937e-01 5.908449239053341628e-01
3.415969136512158055e-01 -6.462079617083225092e-01 5.814115689046532864e-01
3.769734167516626822e-01 -6.688268526882199527e-01 5.861888588923287458e-01
3.513906346383723345e-01 -6.574141845145899943e-01 5.845390662011025196e-01
5.016310201608611408e-01 -6.635923124977388676e-01 5.059273050572868913e-01
1.137172944350263726e-01 1.304558194944898664e-01 1.345082779796644701e-01
5.638813394810362478e-01 -1.957782910798865350e-01 -5.606388728425157897e-01
5.600453188310795527e-01 -2.055726011405634435e-01 -5.499132074081898303e-01
4.260095179556421807e-01 -1.722233571173395761e-01 -7.120339411344263070e-01
6.322419749408069167e-01 -1.701874705309280866e-01 -5.348679738397065231e-01
6.165252928109525854e-01 -1.940839048195298067e-01 -4.961915863711565677e-01
5.702805396310884900e-01 -1.889106505991751672e-01 -5.678203908768890695e-01
6.573076362704739495e-01 -2.031487208142568335e-01 -4.052259540066462384e-01
6.290965208629449856e-01 -1.824586305266652220e-01 -5.057544910356299717e-01
4.959193399823694226e-01 -2.010965911448766852e-01 -6.175461058399713821e-01
4.130376484628209832e-01 -1.905334756584724787e-01 -6.916640202114476832e-01
4.976873727277506543e-01 -1.973959352649178878e-01 -6.211239980729659216e-01
4.195284635883201885e-01 -1.788913911129844936e-01 -7.059926316106593935e-01
6.053107216827648962e-01 -1.353541393574692053e-01 -6.590417407998029331e-01
4.619733899718476144e-01 -1.477476360561450208e-01 -7.358449438388730002e-01
6.309747325458917588e-01 -1.245560650879378173e-01 -6.736551619386077494e-01
5.088943631553615177e-01 -9.138743388112208210e-02 -6.052556439757231788e-01
4.377940678431348487e-01 -9.387468892959346944e-02 -7.037057904860127833e-01
4.910687613511398042e-01 -1.064287466603575094e-01 -7.727176388242640304e-01
5.746465838773987533e-01 -1.591964618667150444e-01 -6.287833438313330525e-01
5.881325919616364750e-01 -1.766919898016303392e-01 -5.727252682269157180e-01
5.717684756123133649e-01 -9.409410000685466957e-02 -6.547390034360325295e-01
4.641399177062072723e-01 -1.368575544469792793e-01 -7.534637478725777493e-01
4.667307087720333203e-01 -1.015343085500462761e-01 -7.565425281378675981e-01
6.151558760220713351e-01 -9.491853065329014516e-02 -7.332723842896834432e-01
4.937368141952954148e-01 -2.120656363622372420e-01 -6.038646380448721152e-01
4.053461181235578081e-01 -2.038043781954224642e-01 -6.774970554557184776e-01
6.277820719350906131e-01 -1.765293077458245929e-01 -5.255589099716746482e-01
4.055228344426107245e-01 -2.075344746186192357e-01 -6.724577491261756190e-01
5.362146476430469377e-01 -2.192151389595660693e-01 -5.563892139122756930e-01
4.025248254096361888e-01 -2.130099717327877396e-01 -6.676151506273717562e-01
4.037993274453670067e-01 -2.102726514316162199e-01 -6.701716393391422555e-01
5.758577046175219483e-01 -1.841756356321187227e-01 -5.688601907724518680e-01
5.014443130403321014e-01 -1.867242770629936321e-01 -6.357197567034817975e-01
4.149206647717481045e-01 -1.847144804619764713e-01 -6.996380561475165072e-01
4.971873050403192162e-01 -1.915346600347494210e-01 -6.315077247509516267e-01
4.075183529118746595e-01 -2.000667565779558621e-01 -6.811277370067243542e-01
5.669269473948366223e-01 -2.219483572244453917e-01 -5.214932238364009542e-01
4.924888733076203673e-01 -2.138396108024514797e-01 -6.028155248896694962e-01
4.894447698917883671e-01 -2.171463891293896331e-01 -6.008290548570049960e-01
4.940539813395666835e-01 -2.164336079852379746e-01 -5.979608203641573194e-01
6.936282781032344635e-01 -2.386837670822096746e-01 -2.610421262931194586e-01
6.833042751316013019e-01 -2.305469883325258484e-01 -3.203037907190168232e-01
6.753345345489942808e-01 -1.022655030427050971e-01 -5.964825379528342353e-01
5.415185947922468435e-01 -9.449841695130362096e-02 -6.197880209670154628e-01
7.575743329942375981e-01 -1.521063990397952814e-01 -5.212645477122914706e-01
6.600457580811324165e-01 -1.142779522062218195e-01 -4.768895676329008015e-01
7.642757543090614725e-01 -1.747524727474954187e-01 -4.106280485561041305e-01
7.048254416984639503e-01 -1.478073728586715152e-01 -3.807296150606895302e-01
6.338023548421796161e-01 -1.183156667903220438e-01 -2.723621071785973791e-01
6.293672086021007139e-01 -1.100342770526380604e-01 -2.819867373202826211e-01
7.278350650575931002e-01 -1.648958936569088762e-01 -3.870656439459818077e-01
6.833492989251144234e-01 -1.365300436554514607e-01 -2.909211276122459777e-01
6.141279009734532668e-01 -1.052146541634490368e-01 -4.462558999305006324e-01
5.859656051727659687e-01 -9.625768461360718897e-02 -4.507303344121045274e-01
6.394029094612460051e-01 -1.157042108105962308e-01 -3.634797876580089238e-01
5.809985892100258953e-01 -9.406104557939742872e-02 -3.475070182271651209e-01
5.397433797508363051e-01 -7.925023328062115457e-02 -2.637669741986633509e-01
5.150511894534880453e-01 -7.448298483459650510e-02 -3.458741934731243695e-01
5.000210811365722874e-01 -6.350098326347949906e-02 -1.937486829071422556e-01
4.785324287327009096e-01 -5.869711837331106907e-02 -2.367714271829176320e-01
5.268512882061724412e-01 -8.391821536472651721e-02 -4.326859584324869168e-01
3.953822940055433666e-01 -6.902745808293508922e-02 -4.712041958446296919e-01
4.978021624775517129e-01 -8.498810795595365675e-02 -4.962150581731161192e-01
4.829206458770939348e-01 -8.870386042045658170e-02 -5.790541029755205127e-01
4.979793753178278215e-01 -7.759612375198565726e-02 -4.122748032609322988e-01
4.350362090254006331e-01 -7.623283324983581855e-02 -4.901496367301531043e-01
5.285194418463877719e-01 -7.876687931406597953e-02 -3.375128566160989774e-01
4.566613639310277972e-01 -6.256460507563477158e-02 -3.472604713129556764e-01
5.292867025545775483e-01 -7.450704767713242638e-02 -2.700799251808216339e-01
4.504835339944961992e-01 -4.991853225745672418e-02 -2.049530343299076629e-01
4.385407513562947779e-01 -4.532572880437601981e-02 -1.967637297896245308e-01
4.743588725066221201e-01 -6.055956332833745126e-02 -2.823183947924876591e-01
3.887239888106513441e-01 -2.915472555698779555e-02 -1.262296051122876739e-01
4.292628908909999486e-01 -4.668822321027596423e-02 -2.448906141785671675e-01
3.707236458642079180e-01 -2.497734218934948014e-02 -1.407070587945953855e-01
3.927180173957519616e-01 -3.465663605810100079e-02 -1.998682171258192031e-01
6.075616780623783741e-01 -1.083695897365152677e-01 -1.920322322908575297e-01
4.652504739993158500e-01 -5.786845760920844572e-02 -1.187264712538212141e-01
5.188687002200483844e-01 -7.742532935766413549e-02 -1.522871422256271978e-01
4.449067265442497865e-01 -6.874276923737292211e-02 -3.681313449912848590e-02
6.180612245859227194e-01 -1.258819013386683339e-01 -2.007372354210675558e-01
4.870354993560521706e-01 -7.656817400575510746e-02 -9.545744346978690675e-02
3.093715381577009649e-01 -9.751472947269483951e-03 7.538799010429620816e-04
4.329374897470750772e-01 -4.619238463529135030e-02 -1.124204010024771466e-01
5.322631020212444941e-01 -9.694852024595450313e-02 -1.031858042739064729e-01
5.977057343488887398e-01 -1.153307526277548983e-01 -1.953993596809945332e-01
7.387279612551361785e-01 -1.281259770300451906e-01 -5.945039845481359109e-01
3.402481785427134975e-01 -1.528072379664958957e-02 -9.544215738164760210e-02
6.736585269007530075e-01 -1.512788216487789272e-01 -5.588889622732872153e-01
7.193960836186777952e-01 -1.616605251080040495e-01 -4.589295602381415762e-01
6.563828240010443071e-01 -1.573745215868735947e-01 -5.512041027776010127e-01
6.758208960071182547e-01 -1.766702097502736990e-01 -4.438777266358006068e-01
6.829922367249176007e-01 -1.791597565651988910e-01 -3.115349641038118733e-01
7.350907697316866329e-01 -1.647688236185791966e-01 -4.690409946082861881e-01
6.682834078581060266e-01 -1.623566530080342019e-01 -2.528207096567611778e-01
6.994244206687183496e-01 -1.581603285009902660e-01 -3.086664535976235135e-01
5.234688643991428636e-01 -1.020344759545424168e-01 -8.812187122448016108e-02
5.985139424889914794e-01 -1.336291311080941846e-01 -1.051555054651228532e-01
4.012651878721030241e-01 -5.294040456906369541e-02 -3.369826344045740493e-03
4.901542930752080807e-01 -9.066423231702788743e-02 -3.927097833213000211e-02
3.573793066862146484e-01 -2.995357821373693941e-02 -4.891918883825186306e-04
4.080727454223574413e-01 -4.117105110534335921e-02 -5.903636451519186923e-02
4.439120807641619426e-01 -6.259378384684211039e-02 -4.592241493332313573e-02
3.940326194423546258e-01 -4.248583104211114958e-02 -4.053170518306557779e-02
6.220290304042139784e-01 -1.486727175430862247e-01 -1.116423574501366062e-01
5.933611631130590869e-01 -1.588065126834902197e-01 -4.292352402005367162e-02
4.356085432735347651e-01 -5.503124383981645995e-02 -3.138602733952343127e-01
4.607677554951074006e-01 -5.590579849196783413e-02 -2.708942518311913128e-01
4.199321107404671016e-01 -6.110474439810933966e-02 -3.862112094587880073e-01
4.538572092795823965e-01 -6.921953331350708116e-02 -4.077297814706984935e-01
3.794793626936588948e-01 -6.231981197398739347e-02 -4.381452287586595773e-01
4.130511622863807797e-01 -7.343146188202702429e-02 -4.910679455034840379e-01
2.818193086719698592e-01 -5.785722471433620007e-02 -4.848366481915333814e-01
3.630838744493755654e-01 -8.240461780957838989e-02 -6.145574385183850685e-01
3.131746206733647675e-01 -6.440286891050202300e-02 -5.041612642869924832e-01
4.029687463500879474e-01 -4.392224246425460721e-02 -2.687654806124892271e-01
3.747105643730819780e-01 -5.724679121857531583e-02 -4.058900288737955497e-01
3.873033205792523748e-01 -6.617411474814532957e-02 -4.597994208451157139e-01
3.302300587345085581e-01 -7.085861833915520214e-02 -5.385311336626440459e-01
3.435192988813978721e-01 -7.462428802463100252e-02 -5.572522945481439560e-01
4.175957616396283045e-01 -9.130359199843865459e-02 -6.767510857828014093e-01
4.036139554937649976e-01 -4.336784863344328445e-02 -2.642957994721720771e-01
4.117183704156743285e-01 -5.715989855038448864e-02 -3.642709871633139640e-01
3.943152992609125218e-01 -4.723495203841987511e-02 -3.102202190574068208e-01
3.829619472585204520e-01 -5.456643818455401279e-02 -3.779774050681043995e-01
2.816838506674741449e-01 -5.903754159242149968e-02 -4.899633211726905913e-01
7.111001453701947250e-01 -1.347491523691893012e-01 -5.766180089153869481e-01
6.818311482680363689e-01 -1.698538728626813321e-01 -2.577280317836324608e-01
6.875760797496028864e-01 -1.723647807335744464e-01 -3.135730502253270546e-01
2.829348631156056171e-01 -6.071590362541701147e-02 -4.967239391288453820e-01
4.951306081934904180e-01 -1.215803002361892093e-01 9.660630900695590939e-03
3.919896775590640536e-01 -6.773383791783803287e-02 5.899088671181143551e-02
4.103049468109711273e-01 -3.973245600078668949e-02 -2.166105967102507079e-01
3.977785902965510489e-01 -3.893753633353932986e-02 -2.335121473613470666e-01
5.260810423112026735e-01 -8.932331873903726072e-02 -5.202549016511155422e-01
4.619447722451386906e-01 -8.110624946155953197e-02 -5.085949008868297927e-01
4.328163988248129312e-01 -8.191088138064978041e-02 -5.539415271694242415e-01
3.500643038808232133e-01 -3.439249944566805106e-02 2.672622694838495266e-02
3.642244449838908937e-01 -3.575703810999361631e-02 -3.427565352018362415e-03
3.221632229521075863e-01 -2.449343195976275145e-02 4.992128331845799294e-02
2.547653335793549911e-01 1.053287046006297356e-02 4.019160597597500051e-02
1.789463438283138141e-01 5.501728090254209835e-02 5.872322269808596951e-02
2.194377052166944786e-01 3.562082619430258223e-02 7.615129011003143877e-02
2.600246506590515594e-01 7.010279250504070081e-03 6.484527319105892751e-02
1.212926970398126580e-01 9.279417010844027980e-02 3.845955757787201945e-02
-6.992547141444954706e-01 2.424669729352835756e-01 -4.760993291428771701e-01
-4.972662386203989260e-01 6.431872839878791659e-01 -4.492783187322486604e-01
-6.146506002559761761e-01 3.926917770190775370e-01 -4.699590363784534874e-01
-3.596703450683129688e-01 1.195693003307182478e-01 -1.027140402379560363e-01
-4.406079523324094582e-01 1.297572520198488621e-01 -1.615024987620908015e-01
-2.706812882625697636e-01 1.092970298150377634e-01 -6.701082945175759753e-02
-5.396859405912073360e-01 1.392179694247192845e-01 -2.270517852322935792e-01
-6.565287453792895134e-02 8.274394904207198198e-02 -1.247379159772527349e-02
-3.232379523446358149e-01 1.267550826139503539e-01 -1.003752468539220594e-01
-2.491678130679101377e-01 1.098606512528225998e-01 -6.082139582301578778e-02
-3.823534649714100397e-01 1.633491874762676432e-01 -1.664912782219038212e-01
-6.663490839243870756e-01 1.113364114901619351e-01 -3.350268929396760242e-01
-3.203312448965954518e-02 1.011281618841962798e-01 -5.196461443980443864e-03
-1.295883052331665564e-01 1.441301933267141733e-01 -3.872197232846903703e-02
4.224315839609593670e-02 7.745015640878318008e-02 4.640045043850761324e-03
7.350221545783240662e-02 8.260576527888444098e-02 1.548756731282280134e-02
6.336247398444740109e-02 6.449195809965342641e-02 7.493048132499935919e-03
2.083519343725437900e-01 2.432455923418126720e-02 6.107764896682951750e-03
2.707517752843560110e-01 3.549738913874528334e-03 5.142155964913167846e-04
2.678313956971448695e-01 4.949748630211622813e-03 2.055379718566053421e-02
-1.600163081973761947e-01 1.822103402841512843e-01 -6.495114818374032872e-02
-3.696771218950135607e-01 2.149370089146743212e-01 -1.616123812158956341e-01
2.843874451612828091e-02 6.946301304461735548e-02 1.880184921045392971e-03
1.135222388218128375e-01 4.578168829200829348e-02 1.371950830545060280e-03
1.578332399728247237e-01 3.281675056383853012e-02 -8.333579957493047335e-03
2.149728840482434400e-01 1.834886565294051308e-02 -1.389785553698729033e-02
-4.019440250972255990e-02 8.593908849246120751e-02 -5.071362275843080414e-03
-7.831966374803517317e-03 6.883804596314932467e-02 -2.229303115521576433e-04
2.860098488788455073e-01 -2.964340238251678139e-03 2.214655601164123785e-02
2.054639728372830154e-01 3.393017668982532820e-02 3.476877982488171814e-02
4.651067320434049135e-01 -6.658150819721883051e-01 5.337794853158472907e-01
3.124543609389066612e-01 -6.643271709084901389e-01 6.320801263784611157e-01
4.989912865179753076e-01 -6.746547059346785780e-01 5.108203129306824186e-01
5.586882340511964973e-01 -6.644566067289835454e-01 4.587302717750426084e-01
-2.979702785097633477e-03 1.154370456584002946e-01 1.591164034513823169e-03
1.281879744857329639e-01 6.562219022614179664e-02 3.051755978045851692e-02
-2.385652193122440173e-02 1.435154356316564184e-01 -9.965146176169765654e-03
2.332307694143855373e-02 1.360105428894412272e-01 9.084334901193294801e-03
-1.482737961846711805e-01 2.621909657800836069e-01 -7.164316076367968633e-02
-2.604413406609979997e-01 2.234185153094042919e-01 -1.104472902075703949e-01
1.800780721863728118e-01 4.294593288563863798e-02 2.935756076684108498e-02
2.025615854625955892e-01 3.969930714352883083e-02 4.826689139636666792e-02
6.140353039253951262e-02 5.058761625170997422e-02 -2.921268935968508946e-04
-1.315480546755745939e-01 8.770526142547559190e-02 -2.081064056438438128e-02
4.636370973641033844e-02 5.497820616267540955e-02 3.208587690560762919e-04
2.843827687823184402e-01 -3.819538999437735623e-04 -4.845902977246081822e-02
1.979826392192537976e-01 2.084552485608738570e-02 -1.942175111440871960e-02
4.435050854956524430e-02 5.870154410324646133e-02 3.870073010051211949e-04
1.276648366965909276e-01 3.591573987443140437e-02 -6.570078220798790739e-03
-9.271828846999208805e-04 6.500396891913308439e-02 -1.872726754043354787e-04
4.019731921610950609e-01 -3.576604512296319149e-02 -7.548114452673435060e-02
2.226611555222668681e-01 1.715232023288892557e-02 -1.415960248284009459e-02
4.416349514881113270e-01 -4.590753550217093609e-02 -1.612810828085518011e-01
3.845242936425883329e-01 -2.932824568358056994e-02 -7.452994546633752437e-02
2.830765273151857331e-01 -7.246336567874045453e-04 -5.140808313426929732e-02
3.694374286775635730e-01 -2.413462796144688616e-02 -1.227997096222885887e-01
2.628980633130317823e-01 5.069092623035315048e-03 -3.411928146180343013e-02
1.449801954181082764e-01 3.433089339166317533e-02 -8.104591001681720266e-03
3.081010252858944476e-01 -7.818236315452413432e-03 -8.983905812082887410e-02
3.304239072705288938e-01 -1.299053493376972623e-02 -9.084897741290011430e-02
6.454519462488598203e-01 -1.760310531898221786e-01 -9.731917483546254077e-02
6.652474019155920626e-01 -1.965988884452544438e-01 -1.179186188868844576e-01
6.195072099488213579e-01 -1.611718601376295190e-01 -9.362889938633997544e-02
6.404928925738975209e-01 -1.514068224094297088e-01 -1.659284631949394795e-01
6.720788357070773822e-01 -1.895059710635554340e-01 -1.468088868242462819e-01
6.630492005846118087e-01 -1.791423741373010525e-01 -1.445979317674319364e-01
6.709478669053079436e-01 -2.265023309119240935e-01 -9.769606664347368907e-02
6.522261733409006057e-01 -2.470059929060783033e-01 2.049845043685143836e-02
6.818187998137512640e-01 -2.401237844148460809e-01 -1.024335876445461452e-01
6.611110586729689320e-01 -2.429458821981359262e-01 -3.914886049363075493e-02
6.893566021471528860e-01 -2.089226920905963847e-01 -2.485981199770366523e-01
6.834157098376906214e-01 -2.074859397910816527e-01 -3.160448387973394668e-01
6.475375076029132870e-01 -2.107038357468764000e-01 -4.133329669011104324e-01
6.751131632311204722e-01 -2.166750107321675500e-01 -3.111682230895182477e-01
6.753117407504132252e-01 -1.763985566004053762e-01 -4.237766067875699538e-01
6.688162590253964312e-01 -1.837397888874768848e-01 -4.393078087497201967e-01
6.981394961035208846e-01 -2.491957368083997926e-01 -1.723907761862428778e-01
7.085903212059757594e-01 -2.702907764548869718e-01 -9.669440365635981194e-02
6.743843251203743838e-01 -2.248396513297821753e-01 -3.143935686186545841e-01
6.797162529419307209e-01 -2.312635529000040824e-01 -3.148932960779483592e-01
6.860638952960437242e-01 -2.848762712010428633e-01 1.744179584930308398e-03
6.740317214124228462e-01 -2.556890766805507420e-01 -4.113306950248072497e-02
6.403349956523363140e-01 -1.436673401306114428e-01 -1.698737605644106696e-01
6.814050520737393590e-01 -1.553739916102893082e-01 -2.450804700103618172e-01
6.493407473424265275e-01 -2.231973286128932088e-01 -3.986539775131984209e-01
6.495395544102529062e-01 -2.264660379113227484e-01 -4.015884940754635424e-01
6.119904361936440162e-01 -2.249375763872419332e-01 -4.634208901657527746e-01
6.242486090301316848e-01 -2.278607342053783624e-01 -4.422469914991765116e-01
7.160083653704750750e-01 -2.965916181747966784e-01 -1.082653891329766749e-01
7.044703405832014598e-01 -2.769068413451981070e-01 -1.793901134600833780e-01
6.878328363747819862e-01 -2.474833396199497826e-01 -2.946155565536128784e-01
6.985021868765523001e-01 -2.551378702469138671e-01 -2.572701975086032489e-01
7.176482506191229627e-01 -2.938801407978905988e-01 -1.378209557967602361e-01
7.227080138822301603e-01 -3.146904989195757896e-01 -7.842929940646659048e-02
6.938713074572724349e-01 -4.580042066223676267e-01 2.190622667829146275e-01
6.920194319318812015e-01 -4.801271589285263652e-01 2.269838612426740287e-01
6.243947716662694436e-01 -5.945051311446318820e-01 3.666693065094241977e-01
5.861519086675466284e-01 -6.347917428300110521e-01 4.184716365115585535e-01
6.327416940151580071e-01 -3.959231233713635389e-01 3.292228101375448968e-01
5.293080021435543348e-01 -3.493426453996549830e-01 3.080159695025942446e-01
5.081601109368250047e-01 -4.542099428543641126e-01 3.849011716729323074e-01
5.479431911831401658e-01 -3.967618202365046365e-01 3.308220908912684055e-01
4.493209442699814815e-01 -4.530594845058677489e-01 4.269816819826727228e-01
4.281065619880656814e-01 -3.257869065546382670e-01 3.454228784399931418e-01
6.062288953649475065e-01 -2.484644454578723294e-01 1.142695640129132023e-01
5.849801309548199324e-01 -2.351314290801088114e-01 1.078175059549920795e-01
2.312039439183744549e-01 -8.902190786039129722e-02 2.715295847813948837e-01
2.100687661305211118e-01 -1.504658442916800842e-02 2.097370000533765044e-01
9.514133475580120736e-02 1.542569128838126302e-01 5.567500118876247961e-02
-5.857275100932458900e-03 2.593464048250826437e-01 -6.981170975029954429e-03
8.871043330532289717e-02 1.765986860541809145e-01 6.595133107106092296e-02
4.456427121566367694e-02 2.131125000501984112e-01 2.938926886826089685e-02
8.265939414906400828e-03 2.875982362499205358e-01 6.887807288162822728e-03
-3.319403318631999888e-02 4.093876244239771367e-01 -3.612600800601373230e-02
-4.322159021069117008e-02 4.524683441123969474e-01 -3.488346059823609069e-02
-1.005239531753753940e-01 6.264522915140984249e-01 -8.946927968352470784e-02
-1.216849848866869976e-01 3.886182416114103977e-01 -7.965425807054229979e-02
-4.269794403544319855e-02 2.552086651023532937e-01 -2.555729100988854419e-02
-1.059641709679958466e-01 5.536190455130203247e-01 -9.981593349267278703e-02
-1.237756971508360143e-01 7.644029727386683071e-01 -9.101635529619164777e-02
-4.298887781831355337e-01 7.668784437400020249e-01 -4.181399684359315416e-01
-3.368844140689882805e-01 6.695984706238422568e-01 -4.755761652240289017e-01
-4.654681678949615931e-01 5.933375619078566920e-01 -4.681710860507457550e-01
-2.782407543015085749e-01 6.820821540469188538e-01 -4.922487466747089147e-01
-3.456921331139852227e-01 7.698911677256630171e-01 -3.888267244697583558e-01
-3.436734610314287064e-01 7.170258024268050256e-01 -4.319295495202947199e-01
-3.072862148336467092e-01 7.138190326122635376e-01 -4.210425244051992921e-01
-5.203081748996338796e-01 5.430319720692357022e-01 -4.703861809546287520e-01
-4.174655333937389856e-01 6.681112139507737746e-01 -4.495270333885896252e-01
-1.033672440125203013e-01 3.020361933747414684e-01 -6.077704213250210291e-02
-1.619849658059978048e-01 5.860623251411464230e-01 -1.290995808600853001e-01
-1.862895900042870201e-01 4.815530999371039900e-01 -1.290418464599963899e-01
-4.580939389342980061e-01 5.918141651227581956e-01 -3.514575202548355093e-01
1.204992488481019253e-01 5.552956194375657101e-02 2.072040330019042920e-01
9.726252662924028680e-02 1.120371879348674438e-01 1.694405838497528571e-01
3.812245925633026000e-02 2.847381005419583055e-01 2.892000038059385630e-02
8.648378517879455607e-02 2.011364788648587199e-01 8.251350205252458436e-02
-8.237926915914750570e-02 6.215386338636367247e-01 -1.417194477661480323e-01
-1.435326986276829475e-01 6.715756754210839841e-01 -1.557406299771795788e-01
6.049971710354786758e-01 -2.182129579102169981e-01 -4.804706912431694343e-01
5.532563804114342121e-01 -2.124048239600549448e-01 -5.479208001295613473e-01
3.393812490752202149e-01 -4.281543224160276884e-01 4.746805837128916794e-01
3.781396549653722183e-01 -3.196078279251848286e-01 3.743373287013427309e-01
3.625928789663458995e-01 -4.824359783890216358e-01 4.915984823905628076e-01
2.915277699646798837e-01 -4.530181128116634870e-01 5.158977482079654120e-01
4.762209988591844523e-01 -6.286250203330663311e-01 4.841011939637612782e-01
4.252922765961482110e-01 -6.634851603997586889e-01 5.270089266496491565e-01
4.743968460183112246e-01 -1.582073438465382842e-01 -7.087029202485874979e-01
5.170707626831477777e-01 -1.737103953515335419e-01 -6.501422477668462596e-01
5.291370009789821971e-01 -1.312958719113433426e-01 -7.199923165118946589e-01
4.884838804354111885e-01 -1.220964743264154606e-01 -7.566964029610514508e-01
6.699524256404587597e-01 -1.033542983649293756e-01 -6.857429557806602460e-01
5.571621393908341435e-01 -2.079395758158728569e-01 -5.506026272394233256e-01
4.892110668773685944e-01 -2.084628792675560782e-01 -6.125193302973579446e-01
5.774330872425902372e-01 -8.981010629490893127e-02 -2.770314023253920288e-01
6.216606548015179978e-01 -1.050063227188018367e-01 -3.708551650578980063e-01
5.282614996398610208e-01 -7.337580145202696191e-02 -2.075882597396705997e-01
4.957337209191351457e-01 -6.554760834433964733e-02 -2.490776278103268015e-01
5.299116992714940633e-01 -7.756529620308777462e-02 -1.981254740324301933e-01
4.092709037635004488e-01 -3.683187521302941358e-02 -1.128224486366328910e-01
4.564160923834207351e-01 -5.139895743256650551e-02 -1.680866380279950889e-01
4.366094844782159590e-01 -4.483436975210614017e-02 -1.197575159323779614e-01
3.890991419318788891e-01 -3.002344152048186388e-02 -1.487275593352263559e-01
4.040693522620252831e-01 -3.580232870729477268e-02 -1.802767276463914936e-01
5.645158605824524001e-01 -9.137618920339884987e-02 -1.812446101308217705e-01
5.076422344347084614e-01 -7.087910288393092784e-02 -1.484175395165554523e-01
4.545577826893738571e-01 -5.647876966570647417e-02 -9.462294834395319765e-02
3.839513216011523622e-01 -3.200236473412737537e-02 -5.588022518727008003e-02
6.569890569203762354e-01 -1.383930329819232086e-01 -2.219143059672167850e-01
5.806534455993523913e-01 -1.121281914756937365e-01 -1.487478488714671088e-01
6.121518591603309911e-01 -1.337377925843445392e-01 -1.590150161258098438e-01
6.077374558318886510e-01 -1.239151809940269300e-01 -1.551861661021784189e-01
3.951827569129183759e-01 -3.433505542294082447e-02 -1.936412359977377484e-01
3.896820096989356830e-01 -2.991957525308670818e-02 -1.509841458606048792e-01
7.330515764259433187e-01 -1.644056913718111579e-01 -3.895498716108793946e-01
7.112836098942019181e-01 -1.635603913725591219e-01 -3.529635621834579240e-01
3.117903258649169507e-01 -1.158318072798468490e-02 -1.143186185531905595e-04
3.832804712404704883e-01 -3.490847861308332689e-02 -3.272583827957870062e-02
4.662188854089612811e-01 -6.605818643255984002e-02 -3.624062199427993125e-01
4.236902270331285303e-01 -6.370556617590925064e-02 -3.993491129181411248e-01
3.060374453941908657e-01 -6.166482277267457124e-02 -4.905910793362450728e-01
3.316344848585908167e-01 -5.859015674960271758e-02 -4.550081437240993676e-01
4.084392063501089409e-01 -5.537894129148321354e-02 -3.559281622171865944e-01
3.998669149554248681e-01 -5.109558334846157901e-02 -3.339709522858743673e-01
4.122198964851195857e-01 -8.418269645022670444e-02 6.432485765963485980e-02
3.740910214814355816e-01 -5.666793627269757494e-02 -4.008180381652046154e-01
4.688352310010580060e-01 -1.028542405582948127e-01 1.469107697070811541e-02
3.594119371081749836e-01 -7.948419302052370239e-02 -5.895730965342987906e-01
3.789298301930445478e-01 -8.544588998599117469e-02 -6.322395136084347778e-01
2.504086039032604183e-01 1.238037107115480540e-02 8.825474418178794189e-02
2.159922161346318759e-01 3.703756139614144960e-02 9.718505959385040360e-02
-2.033367359359295745e-01 9.847211224911005256e-02 -3.319788888444671210e-02
-1.496864481211913345e-01 9.344461676841152309e-02 -2.733330134413427051e-02
2.935463837387199959e-01 -3.919631309787056928e-03 -2.299734062324835376e-02
3.447151879194401136e-01 -2.121988585330616961e-02 -2.435985129369520538e-02
4.324298470560317131e-01 -6.791449307039109096e-01 5.385147288025112777e-01
4.419133298428641332e-01 -6.689100186160759076e-01 5.463565873562885589e-01
9.209931282611472092e-02 1.000445938433227044e-01 2.933872674448785578e-02
1.796861852877611188e-01 4.830751227822117910e-02 4.312625790037021012e-02
2.898960233038502254e-01 -2.130674608694607675e-03 -3.647057488874962117e-02
2.690868402940397308e-01 3.719792194567986265e-03 -2.111209291439556518e-02
6.768301882356388965e-01 -1.959977002758217512e-01 -3.703472741189199890e-01
6.522872127018682908e-01 -1.965443344685996463e-01 -4.327346429459442145e-01
6.399139416007144643e-01 -2.115991853831784009e-01 -4.298279400428699493e-01
6.559659738417469299e-01 -2.173428107965186262e-01 -3.932488423838705893e-01
-3.737873779539195584e-02 1.933966703275243615e-01 -1.271991613313313424e-02
2.636789796241587741e-02 1.639537359985798748e-01 6.208781583834262208e-03
-3.637029554802716502e-01 6.726789033882351054e-01 -4.490499941323701227e-01
-2.352342537622665319e-01 6.840190781332722292e-01 -5.103225998938778485e-01
-3.219294525407213059e-01 5.944286588062811516e-01 -2.121395005987042892e-01
-2.678771375336560512e-01 4.699412976835621314e-01 -1.881427844283142248e-01
2.987893703611544938e-01 -3.085062904261096639e-01 4.161834738990046745e-01
3.522764828864057285e-01 -3.872402092696946019e-01 4.445453141379925310e-01
3.705111991315714337e-01 -5.538388039213051894e-02 -3.997210239460322612e-01
3.481309667805214669e-01 -5.697102519383892560e-02 -4.282524163338638501e-01
3.420351731367184400e-01 -5.740388028332560344e-02 -4.363205486133868716e-01
2.952017840300205087e-01 -5.741127230377304769e-02 -4.715696301074066010e-01
4.222611413677783698e-01 -7.901123095139422903e-02 3.374151559992855792e-02
4.458400555532768261e-01 -9.987585074150413800e-02 5.341988973388357015e-02
3.475595060451880380e-01 -6.681085727509332717e-01 6.071169451597345779e-01
4.087346032745060587e-01 -6.707803296115348868e-01 5.689547078189403084e-01
-8.613599794419709577e-01 5.016799920839760951e-02 -5.055120351081187069e-01
-8.221222478183199955e-01 1.391399903347915190e-01 -5.520466333785500890e-01
-7.615408783394690406e-01 2.869079970391611445e-01 -5.811541608849466467e-01
-5.273364225847942954e-01 7.182549862160950704e-01 -4.539015308586102360e-01
-4.264205972414213952e-01 8.124060037851763560e-01 -3.976954241171598570e-01
-1.736323560944858235e-01 9.451900326790175777e-01 -2.765276647083884098e-01
-1.209497164385373996e-01 9.875570070893933128e-01 -1.005152715557340454e-01
5.280640606232485101e-01 -6.852979986963083636e-01 5.015119379485530882e-01
4.854160695827835492e-01 -7.387209994684968972e-01 4.676139286078392354e-01
4.996764193578916435e-01 -7.051840050924147452e-01 5.030295762985929064e-01
5.660630140128358745e-01 -7.046969998105204747e-01 4.277569817685673570e-01
5.408170680718357159e-01 -7.309759998431231143e-01 4.161619118138004114e-01
5.624680720444393822e-01 -6.821700033374120675e-01 4.671979083913298525e-01
6.041537526638086630e-01 -7.127220158844050912e-01 3.564063875012562499e-01
6.316832773308111992e-01 -6.394290138553383462e-01 4.383005800946894182e-01
8.182111613201344946e-01 -4.141279908949695998e-01 3.987826784632489407e-01
8.173611107519915819e-01 -2.115499982154340763e-01 -5.358798317778712406e-01
7.722649933318646021e-01 -8.148119992326094407e-02 -6.300540081831406125e-01
7.089439714498755318e-01 -9.229040025016893578e-02 -6.992010289149321878e-01
6.598039440756879870e-01 -7.527809326362139286e-02 -7.476580500311381661e-01
