7.312444706392977611e-01
-1.181330032738815566e-01
1.603085518359529171e+00
1.636137660602334343e+00
7.127217738762867683e-01
6.294036988391953358e-01
8.123771983076707448e-01
7.077292155356855741e-01
1.761039533755560882e+00
7.956911207844009626e-01
1.023992575781976555e+00
1.677592398834099718e+00
1.285426900015855356e+00
1.060818064247643910e+00
9.366674150961213918e-01
2.728239904777423064e-01
3.545310900615201710e-01
7.678704679228177676e-01
8.280805068880801034e-01
6.459168903694796349e-01
1.156722138021540003e+00
1.002643109551089706e+00
1.265063201382007119e+00
8.577542733933680719e-01
1.705134583985668417e+00
1.656535258846983716e+00
1.745449072611489738e+00
1.193646750538333245e+00
1.282631230812605105e+00
1.213871592172184544e+00
9.948508582622680452e-01
1.423322575042694993e+00
1.262597831438430740e+00
8.738378889521500881e-01
8.459674745797827189e-01
6.732431880897181697e-01
7.234724555546240277e-01
5.399184659135920494e-01
8.132043935866875017e-01
8.875507485036593369e-01
7.596796322970915671e-01
6.258305186040163948e-01
5.220681180859223502e-01
6.077219899081682392e-02
8.150028645190334764e-01
7.963373549109374894e-01
8.249470595615063795e-01
8.824811435400827797e-01
7.844729157189564983e-01
5.129137317876162339e-01
4.508501650114369319e-01
1.468587163467223178e-01
4.555582715717846898e-01
6.597337738942051777e-01
7.172865506258137014e-01
8.005639069875853941e-01
7.859669639659486728e-01
7.579781126239248934e-01
8.413808545350986989e-01
6.100641117486120812e-01
6.971028783932922135e-01
6.891808955724745278e-01
7.059025552215159038e-01
7.805459164572252639e-01
3.341307597868962698e-01
1.964773178316954749e-01
3.197281968257122409e-01
7.498706862829722652e-01
8.165327463986309375e-01
8.787721834046835490e-01
9.725255178014904356e-01
8.354700244666442011e-01
8.822874808285235959e-01
9.744276420179438514e-01
9.321432785641694529e-01
1.102348379339271656e+00
1.233568854925167990e+00
1.121870909839050912e+00
1.411451836920451619e+00
1.729247142307057672e+00
1.456839261211293923e+00
1.307561918812854662e+00
1.437665689794927149e+00
1.632511571091397773e+00
1.365161471559283246e+00
1.397378572273637820e+00
1.229686389929578461e+00
1.094305309525045455e+00
8.370200657439385017e-01
7.680087144577077973e-01
9.378381144754641685e-01
9.159522584777481935e-01
1.036086376816032883e+00
1.440287292625596738e+00
1.394205889492029504e+00
1.087744712928581103e+00
1.030077259888247720e+00
1.479306729063335712e+00
9.598704259887486101e-01
9.548031029846077988e-01
8.815617083249374097e-01
8.309831803614247114e-01
9.870801117461081020e-01
1.055146493261128970e+00
1.174558941781327581e+00
1.315349489663049987e+00
1.010380077168075541e+00
9.444978052584659389e-01
1.032009427588690409e+00
1.145773392424745740e+00
8.647619953105667445e-01
1.105662573301301688e+00
1.078306649548184781e+00
1.118209489043977323e+00
1.093105823239251650e+00
9.643923839271445475e-01
1.163870132020045300e+00
1.261750697100685770e+00
1.136258202074423629e+00
9.144025236544649493e-01
1.036574208123711260e+00
7.892363485777765808e-01
7.786351187460878176e-01
7.135176528865013745e-01
6.221953674520431798e-01
5.589184833818537923e-01
6.283453455025123091e-01
7.836182013007617631e-01
7.913601319612076912e-01
7.277335496778167823e-01
6.571344280453101927e-01
8.390699369072127656e-01
4.507496170873045438e-01
4.539083855329826278e-01
4.092903731199243333e-01
2.522367087200155789e-01
4.698360463188085423e-01
5.653560142002926892e-01
6.456482358288843093e-01
7.151606047977659975e-01
7.816330016975832073e-01
7.001402364692950187e-01
7.382988259502079043e-01
6.721383538148379966e-01
5.750858802013707471e-01
6.352322642719349099e-01
5.968298363501156611e-01
7.666367251674826022e-01
7.463548750521477038e-01
7.934935627256709534e-01
8.293137026409542756e-01
8.233153418108243304e-01
8.072684972178324481e-01
8.481134517458013278e-01
8.900315154473517065e-01
8.490465743747820371e-01
8.492712533061202995e-01
7.923449173320336048e-01
5.423106850872656537e-01
5.972341658659735542e-01
4.699117562627718181e-01
8.426412910653110488e-01
8.862401957298409183e-01
9.257777781454045174e-01
9.218909852436132368e-01
7.617584180742500433e-01
7.836622902121458401e-01
7.486007021731116984e-01
7.247293274121237028e-01
7.049258882770257362e-01
7.612027074727456544e-01
7.903338621021192001e-01
7.910387885205775182e-01
7.946179989509541963e-01
7.678982905890956445e-01
7.914890425239751170e-01
7.538352028400903126e-01
7.105399522501312237e-01
7.106135137607464403e-01
7.766985588371474458e-01
6.807412496822906611e-01
7.574941157143282311e-01
7.803087943457946984e-01
7.699321804533388880e-01
8.178476414902808855e-01
6.946646385499580800e-01
6.624241636150446366e-01
8.172640519224745326e-01
7.930964839054888138e-01
7.921247150926707947e-01
3.936343132028434777e-01
3.405684818010569215e-01
7.458660261375607003e-01
1.256449421194743010e+00
1.331486067836948450e+00
6.956872799919728845e-01
6.432525537425950457e-01
5.671517740530002127e-01
5.550012171828698770e-01
6.399720772983130690e-01
5.879819380551037922e-01
9.628990457174952944e-01
8.361105099192135404e-01
3.666121069222908480e-01
4.821114925944661733e-01
4.316641821610633922e-01
3.526806229663668191e-01
1.604037381318469402e-01
2.105715717548415356e-01
1.486618340756521439e-01
-3.077455389594190710e-02
3.294835185759583535e-02
7.463149032480469458e-01
1.349774044079365520e+00
1.472896071297225440e+00
1.380075790615618470e+00
1.301778719666972339e+00
1.726866749436622550e+00
1.681774846518134137e+00
1.597435668646163931e+00
1.568230903549728605e+00
1.560558432915489790e+00
1.751167459583991448e+00
1.436918827837651902e+00
1.757180862769285978e+00
1.575560280244099109e+00
1.591913292273285485e+00
1.536624161536104261e+00
1.512096101377777835e+00
1.422470850254175190e+00
1.630186596201155691e+00
1.386550737940105860e+00
1.586576747359125239e+00
1.558405873137403530e+00
1.366528229238699321e+00
1.485708408266230851e+00
1.066158213849098146e+00
1.449635350918977217e+00
1.339743817241072055e+00
1.247921922213495849e+00
1.175988979881275265e+00
1.163083471700162352e+00
1.354609709442686327e+00
1.281513809878550347e+00
1.205140564014008930e+00
1.117310945298946478e+00
1.382864813857414665e+00
1.701388057142960486e+00
1.393928758780731414e+00
1.314447451920240484e+00
1.216404816707078229e+00
1.169812217325630899e+00
1.163209382848213957e+00
1.132742119069923836e+00
1.104780440180831214e+00
1.024249816709645211e+00
1.036535415067398436e+00
9.379436232562252673e-01
1.020120924220719871e+00
1.069904484826982305e+00
1.317032651517563435e+00
1.311530168194651624e+00
1.324112157334654150e+00
1.222904537313648232e+00
1.147296695474322004e+00
9.673593131534294898e-01
9.254533130671869223e-01
9.285253163375211116e-01
9.753799645121169481e-01
9.736085195307367934e-01
1.240655845868043450e+00
1.328705411391886582e+00
1.430707470802916825e+00
1.652127745822540739e+00
1.507898357872103690e+00
1.632258089676036583e+00
1.530930970170696348e+00
1.539098062891233631e+00
1.307790447989661597e+00
1.260516770006366194e+00
1.291427688490264236e+00
1.402256149952783471e+00
1.121350413274848634e+00
1.482082662308489729e+00
9.038422388744713487e-01
1.206020974960668291e+00
1.572018294398338512e+00
1.483507809700553404e+00
8.948706126637806513e-01
8.641732093413849736e-01
8.091495344015752211e-01
8.220830100566856036e-01
6.545216752345930367e-01
6.781716781955250406e-01
6.827067484338864567e-01
6.519025511901554992e-01
6.643309642288216521e-01
6.988983583843129122e-01
7.372676099793862292e-01
6.759386427750696535e-01
7.522732470006472383e-01
7.900157123172582008e-01
8.222572181937038982e-01
8.616134435132704050e-01
7.237765193784617690e-01
8.192839751966588535e-01
8.650740232750208092e-01
7.896599655144915797e-01
8.459150679618855362e-01
2.154420010842058586e-01
1.240168158579184471e-01
2.867481322169687097e-01
7.896299216710911395e-01
7.664180500933528428e-01
7.417143843835549699e-01
8.156030667850222571e-01
7.576380253127199538e-01
7.910989082528436800e-01
8.378779329026035949e-01
8.778453484036498056e-01
8.008688817320226416e-01
9.309520726601715479e-01
1.014795524044359132e+00
9.964186656898890160e-01
8.923368732757311905e-01
9.744237823425887512e-01
9.923036921073382643e-01
1.008555260608252180e+00
1.037588290262988933e+00
9.060875141759315854e-01
9.329778247058209129e-01
1.112916389611000811e+00
1.179388927202271065e+00
1.229519794262037280e+00
9.616368311972441907e-01
1.095632515963090192e+00
8.756596991762226612e-01
1.071861329726741197e+00
1.154621119748598712e+00
1.232633151344779687e+00
9.169351165469669107e-01
1.025936105049839675e+00
8.443720692426187613e-01
5.207983550292767383e-01
3.257443693617483316e-01
6.602499456701584890e-01
5.810278532586048428e-01
5.890118825007628622e-01
8.267980115544498743e-01
6.937470213691210308e-01
7.933231458495542121e-01
7.957744143833194173e-01
7.976669512901015668e-01
8.029022751506141864e-01
7.835483144412016543e-01
7.966306147272220750e-01
7.257836973281958093e-01
7.578678533848939303e-01
8.025633807347207771e-01
6.347465233892866099e-01
7.572939557902697016e-01
6.986201510272013193e-01
6.606206067410814731e-01
7.520441738776395546e-01
7.272388576609128963e-01
6.885616091910388148e-01
7.918446378160708399e-01
8.093363612551948139e-01
1.315001818178306525e+00
5.402295304726751901e-01
3.829900779954502066e-01
4.001933303347144921e-01
2.629389134646117343e-01
1.527525409095153996e+00
1.627351248226558633e+00
1.493770969182083741e+00
1.426722808143253474e+00
1.190385823862084802e+00
1.144802393686026543e+00
1.064959447232311618e+00
1.053837705105665989e+00
1.097790590818388257e+00
1.073574957295331256e+00
9.861892938084224625e-01
1.053535740129385223e+00
1.063206143486932875e+00
1.111294903069284912e+00
1.177958086524002246e+00
9.143924674887895510e-01
1.356656807565671086e+00
1.558447054482629435e+00
1.379182016822408707e+00
1.490832240371464668e+00
8.862573044374655318e-01
1.579229762613268750e+00
8.119319126191519853e-01
7.242910711735990326e-01
8.971565668392333937e-01
8.267893690739422374e-02
8.120675809866152450e-01
9.071456963844553023e-01
1.227697179710024233e+00
1.224092294947128234e+00
7.812381265205414760e-01
7.221653882660665769e-01
7.588456542659426374e-01
4.765060468315703845e-01
1.423455275546543497e+00
1.547536940727061827e+00
8.729911735631875613e-01
0.000000000000000000e+00
